0.0000000000,0.0000000000
0.0000000000,0.0000000000
0.0000000000,0.0000000000
0.0000000000,0.0000000000
0.0000000000,0.0000000000
0.0000000000,0.0000000000
0.0000000000,0.0000000000
0.0000000000,0.0000000000
0.0000000000,0.0000000000
0.0000000000,0.0000000000
0.0000000000,0.0000000000
0.0000000000,0.0000000000
0.0000000000,0.0000000000
0.0000000000,0.0000000000
0.0000000000,0.0000000000
0.0000000000,0.0000000000
0.0000000000,0.0000000000
0.0000000000,0.0000000000
0.0000000000,0.0000000000
0.0000000000,0.0000000000
0.0000000000,0.0000000000
0.0000000000,0.0000000000
0.0000000000,0.0000000000
0.0000000000,0.0000000000
0.0000000000,0.0000000000
0.0000000000,0.0000000000
0.0000000000,0.0000000000
0.0000000000,0.0000000000
0.0000000000,0.0000000000
0.0000000000,0.0000000000
0.0000000000,0.0000000000
0.0000000000,0.0000000000
0.0000000000,0.0000000000
0.0000000000,0.0000000000
0.0000000000,0.0000000000
0.0000000000,0.0000000000
0.0000000000,0.0000000000
0.0000000000,0.0000000000
0.0000000000,0.0000000000
0.0000000000,0.0000000000
0.0000000000,0.0000000000
0.0000000000,0.0000000000
0.0000000000,0.0000000000
0.0000000000,0.0000000000
0.0000000000,0.0000000000
0.0000000000,0.0000000000
0.0000000000,0.0000000000
0.0000000000,0.0000000000
0.0000000000,0.0000000000
0.0000000000,0.0000000000
0.0000000000,0.0000000000
0.0000000000,0.0000000000
0.0000000000,0.0000000000
0.0000000000,0.0000000000
0.0000000000,0.0000000000
0.0000000000,0.0000000000
0.0000000000,0.0000000000
0.0000000000,0.0000000000
0.0000000000,0.0000000000
0.0000000000,0.0000000000
0.0000000000,0.0000000000
0.0000000000,0.0000000000
0.0000000000,0.0000000000
0.0000000000,0.0000000000
0.0000000000,0.0000000000
0.0000000000,0.0000000000
0.0000000000,0.0000000000
0.0000000000,0.0000000000
0.0000000000,0.0000000000
0.0000000000,0.0000000000
0.0000000000,0.0000000000
0.0000000000,0.0000000000
0.0000000000,0.0000000000
0.0000000000,0.0000000000
0.0000000000,0.0000000000
0.0000000000,0.0000000000
0.0000000000,0.0000000000
0.0000000000,0.0000000000
0.0000000000,0.0000000000
0.0000000000,0.0000000000
0.0000000000,0.0000000000
0.0000000000,0.0000000000
0.0000000000,0.0000000000
0.0000000000,0.0000000000
0.0000000000,0.0000000000
0.0000000000,0.0000000000
0.0000000000,0.0000000000
0.0000000000,0.0000000000
0.0000000000,0.0000000000
0.0000000000,0.0000000000
0.0000000000,0.0000000000
0.0000000000,0.0000000000
0.0000000000,0.0000000000
0.0000000000,0.0000000000
0.0000000000,0.0000000000
0.0000000000,0.0000000000
0.0000000000,0.0000000000
0.0000000000,0.0000000000
0.0000000000,0.0000000000
0.0000000000,0.0000000000
0.0000000000,0.0000000000
0.0000000000,0.0000000000
0.0000000000,0.0000000000
467904061
-0.0646473989,-0.0514131784
-0.0652630329,-0.0563447289
-0.0659281537,-0.0617796183
-0.0666326657,-0.0676555485
-0.0673669279,-0.0735279694
-0.0681211874,-0.0796333849
-0.0688849986,-0.0857844427
-0.0696472302,-0.0905789882
-0.0696472302,-0.0905789882
-0.0703965276,-0.0936345384
-0.0711217001,-0.0970809236
-0.0718118101,-0.1011565775
-0.0724565089,-0.1055659503
-0.0730464309,-0.1104175895
-0.0735732913,-0.1148580015
-0.0740294382,-0.1179024950
-0.0744072199,-0.1191391572
-0.0746996179,-0.1195360869
-0.0749011785,-0.1195755973
-0.0749011785,-0.1195755973
-0.0750079378,-0.1186526194
-0.0750173032,-0.1174744740
-0.0749288574,-0.1152240708
-0.0747447014,-0.1113394871
-0.0744686201,-0.1074310318
-0.0741054043,-0.1030663997
-0.0736608431,-0.0977902785
-0.0731415302,-0.0926338285
-0.0725540444,-0.0864340737
-0.0719043240,-0.0803030208
-0.0719043240,-0.0803030208
-0.0711980388,-0.0738316700
-0.0704415217,-0.0672884211
-0.0696424767,-0.0608264729
-0.0688101575,-0.0545145832
-0.0679552481,-0.0485556573
-0.0670893416,-0.0428342745
-0.0662242174,-0.0373247564
-0.0653713346,-0.0321896039
-0.0645415857,-0.0272010956
-0.0637456924,-0.0224229693
-0.0637456924,-0.0224229693
-0.0629950240,-0.0185883623
-0.0623020940,-0.0174255166
-0.0616801605,-0.0175309069
-0.0611420162,-0.0176481064
-0.0606995374,-0.0174100175
-0.0603636727,-0.0172420815
-0.0601433404,-0.0176948160
-0.0600442775,-0.0187494718
-0.0600700304,-0.0207297690
-0.0602230877,-0.0234059133
-0.0605039150,-0.0268327817
-0.0605039150,-0.0268327817
-0.0609091595,-0.0317185745
-0.0614308976,-0.0366355665
-0.0620574430,-0.0421614349
-0.0627754107,-0.0486106798
-0.0635713562,-0.0552122891
-0.0644318983,-0.0619001873
-0.0653434619,-0.0689516887
-0.0662925392,-0.0760424212
-0.0672658756,-0.0829634368
-0.0682503209,-0.0889253542
-0.0682503209,-0.0889253542
-0.0692327470,-0.0926553532
-0.0702003464,-0.0964754224
-0.0711407959,-0.1011542603
-0.0720417425,-0.1065531820
-0.0728906989,-0.1120346636
-0.0736754015,-0.1168694124
-0.0743842497,-0.1207876131
-0.0750070587,-0.1226204187
-0.0755353719,-0.1222189590
-0.0759622678,-0.1211217642
-0.0759622678,-0.1211217642
-0.0762820244,-0.1198305935
-0.0764896050,-0.1181943864
-0.0765810907,-0.1163968891
-0.0765546188,-0.1141735166
-0.0764109269,-0.1113395542
-0.0761531442,-0.1084273160
-0.0757860616,-0.1048594490
-0.0753154606,-0.1002128497
-0.0747481361,-0.0960317999
-0.0740922466,-0.0912394151
-0.0740922466,-0.0912394151
-0.0733578429,-0.0864247531
-0.0725564063,-0.0812327787
-0.0716990754,-0.0759550333
-0.0707959309,-0.0700453743
-0.0698567405,-0.0647858754
-0.0688917413,-0.0595555007
-0.0679119304,-0.0548534542
-0.0669289902,-0.0506184101
-0.0659548789,-0.0465994850
-0.0650012046,-0.0429008417
-0.0650012046,-0.0429008417
-0.0640787855,-0.0396605842
-0.0631973296,-0.0366744287
-0.0623653755,-0.0338702984
-0.0615908653,-0.0315681510
-0.0608817227,-0.0295286626
-0.0602456890,-0.0278929006
-0.0596901923,-0.0263622589
-0.0592226312,-0.0249973591
-0.0588497519,-0.0235976819
-0.0585761406,-0.0224583074
-0.0584031492,-0.0223308597
-0.0584031492,-0.0223308597
-0.0583295561,-0.0241503064
-0.0583534986,-0.0268233195
-0.0584737025,-0.0301032495
-0.0586894378,-0.0343260542
-0.0589998849,-0.0392230414
-0.0594031364,-0.0438114330
-0.0598951280,-0.0479483530
-0.0604695231,-0.0519990399
-0.0611184873,-0.0559305325
-0.0618331879,-0.0597531758
-0.0618331879,-0.0597531758
-0.0626038015,-0.0634741113
-0.0634196401,-0.0673290268
-0.0642690808,-0.0713438243
-0.0651396364,-0.0753389820
-0.0660184324,-0.0793220177
-0.0668926015,-0.0830556154
-0.0677492991,-0.0857420936
-0.0685758442,-0.0880423933
-0.0693607181,-0.0903027132
-0.0700942054,-0.0921083167
-0.0700942054,-0.0921083167
-0.0707679242,-0.0939699933
-0.0713738650,-0.0954511017
-0.0719042867,-0.0953916684
-0.0723527819,-0.0943226069
-0.0727155507,-0.0922665894
-0.0729917511,-0.0899576768
-0.0731825829,-0.0882383958
-0.0732902810,-0.0870014429
-0.0733172297,-0.0860306397
-0.0732657388,-0.0844851360
-0.0732657388,-0.0844851360
-0.0731387809,-0.0828639343
-0.0729408935,-0.0810857788
-0.0726781934,-0.0795229822
-0.0723580793,-0.0779531896
-0.0719891712,-0.0762288347
-0.0715809762,-0.0744285136
-0.0711434036,-0.0727876052
-0.0706863329,-0.0713964701
-0.0702192932,-0.0700826421
-0.0697512105,-0.0685672238
-0.0697512105,-0.0685672238
-0.0692901984,-0.0673804060
-0.0688434318,-0.0661822036
-0.0684170574,-0.0649093837
-0.0680161566,-0.0634541884
-0.0676447377,-0.0619519167
-0.0673057735,-0.0604113340
-0.0670012236,-0.0591812581
-0.0667321607,-0.0581789128
-0.0664988011,-0.0570116602
-0.0663006380,-0.0557143018
-0.0661365315,-0.0549114831
-0.0661365315,-0.0549114831
-0.0660047904,-0.0543899797
-0.0659033358,-0.0538164228
-0.0658299103,-0.0535776950
-0.0657827482,-0.0534414090
-0.0657607689,-0.0530180037
-0.0657631606,-0.0529789217
-0.0657892898,-0.0533314720
-0.0658387616,-0.0540777184
-0.0659109205,-0.0552632138
-0.0660045147,-0.0565693267
-0.0660045147,-0.0565693267
-0.0661181733,-0.0577011630
-0.0662510470,-0.0587531030
-0.0664027780,-0.0597851798
-0.0665731430,-0.0607181527
-0.0667614266,-0.0615087040
-0.0669659227,-0.0622092336
-0.0671840459,-0.0629474223
-0.0674126297,-0.0637046173
-0.0676481798,-0.0643290654
-0.0678870678,-0.0648788363
-0.0678870678,-0.0648788363
-0.0681257173,-0.0655127838
-0.0683607310,-0.0661351010
-0.0685889944,-0.0667110533
-0.0688077360,-0.0673432797
-0.0690146163,-0.0680388063
-0.0692076907,-0.0687380284
-0.0693854764,-0.0694411471
-0.0695469156,-0.0702058822
-0.0696913600,-0.0709827542
-0.0698185489,-0.0717600361
-0.0698185489,-0.0717600361
-0.0699285716,-0.0726301372
-0.0700218156,-0.0735526532
-0.0700989515,-0.0745342150
-0.0701608583,-0.0755786896
-0.0702085868,-0.0767085478
-0.0702433288,-0.0779136494
-0.0702663660,-0.0791476220
-0.0702790245,-0.0803938583
-0.0702826679,-0.0816858560
-0.0702786446,-0.0830585510
-0.0702682436,-0.0845446512
-0.0702682436,-0.0845446512
-0.0702527240,-0.0861310139
-0.0702332482,-0.0878146589
-0.0702109113,-0.0895824879
-0.0701866820,-0.0914076194
-0.0701612532,-0.0915163085
-0.0701344982,-0.0913548842
-0.0701053515,-0.0914209336
-0.0700722784,-0.0913860127
-0.0700334981,-0.0900606066
-0.0699867532,-0.0884539187
-0.0699867532,-0.0884539187
-0.0699293688,-0.0874098465
-0.0698585138,-0.0856440961
-0.0697712004,-0.0836711228
-0.0696641654,-0.0814054385
-0.0695342720,-0.0789834708
-0.0693792999,-0.0762409046
-0.0691974685,-0.0736145601
-0.0689867288,-0.0708672106
-0.0687451959,-0.0683649778
-0.0684720650,-0.0658094808
-0.0684720650,-0.0658094808
-0.0681681782,-0.0634128749
-0.0678360462,-0.0610978380
-0.0674791932,-0.0588023141
-0.0671020001,-0.0567148142
-0.0667101368,-0.0549965091
-0.0663102046,-0.0535511859
-0.0659088790,-0.0523381084
-0.0655124262,-0.0509542264
-0.0651267245,-0.0496198423
-0.0647578612,-0.0486952960
-0.0647578612,-0.0486952960
-0.0644126981,-0.0483093001
-0.0640983284,-0.0485758558
-0.0638206452,-0.0492892936
-0.0635837764,-0.0503778644
-0.0633909851,-0.0509516783
-0.0632461384,-0.0513868518
-0.0631536022,-0.0515341945
-0.0631164387,-0.0513698682
-0.0631351247,-0.0517191738
-0.0632076785,-0.0524219275
-0.0633304045,-0.0532474108
-0.0633304045,-0.0532474108
-0.0634989217,-0.0542155579
-0.0637087151,-0.0551460274
-0.0639548749,-0.0561630949
-0.0642316937,-0.0575199835
-0.0645330399,-0.0590471290
-0.0648531765,-0.0605380833
-0.0651873872,-0.0617515184
-0.0655320734,-0.0625108480
-0.0658843294,-0.0631311983
-0.0662413090,-0.0637808815
-0.0662413090,-0.0637808815
-0.0665997416,-0.0645477772
-0.0669559911,-0.0654677674
-0.0673062876,-0.0663423687
-0.0676469728,-0.0670948029
-0.0679746270,-0.0677516460
-0.0682861730,-0.0683966726
-0.0685790107,-0.0691503584
-0.0688510016,-0.0700303912
-0.0691005364,-0.0709418207
-0.0693265274,-0.0718337521
-0.0693265274,-0.0718337521
-0.0695283711,-0.0727266595
-0.0697059557,-0.0736263767
-0.0698595718,-0.0746208876
-0.0699899122,-0.0757195428
-0.0700979903,-0.0768529922
-0.0701850876,-0.0779674724
-0.0702527091,-0.0791381150
-0.0703025162,-0.0801716521
-0.0703362823,-0.0811825916
-0.0703558400,-0.0822676867
-0.0703558400,-0.0822676867
-0.0703630447,-0.0832626224
-0.0703597292,-0.0841649994
-0.0703476593,-0.0847614110
-0.0703285336,-0.0850643814
-0.0703037605,-0.0849987566
-0.0702739060,-0.0851765946
-0.0702385828,-0.0855912417
-0.0701970831,-0.0853182077
-0.0701489151,-0.0845395401
-0.0700931996,-0.0835498348
-0.0700931996,-0.0835498348
-0.0700279102,-0.0816722363
-0.0699502975,-0.0795135424
-0.0698579848,-0.0778763518
-0.0697491989,-0.0763534606
-0.0696223676,-0.0746953860
-0.0694759861,-0.0723540336
-0.0693089291,-0.0702943951
-0.0691208318,-0.0682548881
-0.0689121559,-0.0664155632
-0.0686840191,-0.0645706281
-0.0684380457,-0.0628041923
-0.0684380457,-0.0628041923
-0.0681763813,-0.0613406822
-0.0679019392,-0.0603837632
-0.0676184520,-0.0596324168
-0.0673307255,-0.0589555688
-0.0670445040,-0.0580305532
-0.0667656511,-0.0565756261
-0.0664992481,-0.0554425791
-0.0662494004,-0.0544643775
-0.0660192519,-0.0535195209
-0.0658112615,-0.0532058179
-0.0658112615,-0.0532058179
-0.0656279474,-0.0529883392
-0.0654726475,-0.0526868403
-0.0653490499,-0.0524324216
-0.0652599111,-0.0519947298
-0.0652063191,-0.0515367314
-0.0651880056,-0.0513817258
-0.0652041435,-0.0514444299
-0.0652538016,-0.0515398681
-0.0653355196,-0.0517128780
-0.0654470474,-0.0520873591
-0.0654470474,-0.0520873591
-0.0655860752,-0.0526309833
-0.0657512248,-0.0531905033
-0.0659417734,-0.0535501204
-0.0661564395,-0.0536236279
-0.0663927943,-0.0535541736
-0.0666473880,-0.0534118079
-0.0669161156,-0.0532690845
-0.0671945140,-0.0531379543
-0.0674779862,-0.0529821366
-0.0677622408,-0.0526881479
-0.0677622408,-0.0526881479
-0.0680440739,-0.0525755249
-0.0683223978,-0.0534060150
-0.0685984418,-0.0553289838
-0.0688751042,-0.0585994497
-0.0691557974,-0.0623528101
-0.0694434419,-0.0658397302
-0.0697398409,-0.0689910278
-0.0700457469,-0.0720867738
-0.0703608468,-0.0749816149
-0.0706834942,-0.0779336467
-0.0706834942,-0.0779336467
-0.0710103512,-0.0807915032
-0.0713364109,-0.0835314468
-0.0716554597,-0.0863483027
-0.0719606653,-0.0889742151
-0.0722450912,-0.0907439291
-0.0725022554,-0.0912268236
-0.0727269128,-0.0907145217
-0.0729154497,-0.0902891457
-0.0730651170,-0.0905771852
-0.0731731057,-0.0915573612
-0.0732368231,-0.0930079967
-0.0732368231,-0.0930079967
-0.0732550323,-0.0943991318
-0.0732284263,-0.0949618295
-0.0731594265,-0.0954851136
-0.0730517432,-0.0955688730
-0.0729100257,-0.0953358784
-0.0727395341,-0.0946307331
-0.0725454614,-0.0935300887
-0.0723316967,-0.0924124345
-0.0721003488,-0.0914064646
-0.0718527436,-0.0898761898
-0.0718527436,-0.0898761898
-0.0715902001,-0.0879974738
-0.0713140592,-0.0857509971
-0.0710258111,-0.0835667104
-0.0707268715,-0.0811779946
-0.0704176500,-0.0786086395
-0.0700972453,-0.0755952671
-0.0697644651,-0.0728423148
-0.0694191009,-0.0698804110
-0.0690624863,-0.0671305880
-0.0686972290,-0.0647057146
-0.0686972290,-0.0647057146
-0.0683266222,-0.0622255839
-0.0679537728,-0.0600409023
-0.0675813332,-0.0577286743
-0.0672122836,-0.0559423901
-0.0668500811,-0.0542601869
-0.0664981604,-0.0532681309
-0.0661603808,-0.0525534265
-0.0658413991,-0.0515580364
-0.0655464232,-0.0505962558
-0.0652804002,-0.0498456135
-0.0652804002,-0.0498456135
-0.0650470257,-0.0496833660
-0.0648484305,-0.0499889143
-0.0646856278,-0.0506190024
-0.0645591840,-0.0515231974
-0.0644697770,-0.0522157811
-0.0644181892,-0.0529174954
-0.0644049495,-0.0538945347
-0.0644298643,-0.0547687262
-0.0644920990,-0.0553973019
-0.0645904541,-0.0563152842
-0.0645904541,-0.0563152842
-0.0647229925,-0.0575162880
-0.0648866668,-0.0588379651
-0.0650774390,-0.0603576042
-0.0652906299,-0.0613630004
-0.0655211806,-0.0627679303
-0.0657639503,-0.0644911528
-0.0660140440,-0.0663547143
-0.0662673339,-0.0679065958
-0.0665203854,-0.0686144382
-0.0667702481,-0.0695334151
-0.0670144185,-0.0711409971
-0.0670144185,-0.0711409971
-0.0672505125,-0.0730260909
-0.0674761236,-0.0748734400
-0.0676895604,-0.0754629970
-0.0678899214,-0.0759938657
-0.0680764169,-0.0768550858
-0.0682476684,-0.0786693543
-0.0684015900,-0.0798083544
-0.0685360804,-0.0798725858
-0.0686497837,-0.0803003609
-0.0687421635,-0.0804211199
-0.0687421635,-0.0804211199
-0.0688133910,-0.0808113515
-0.0688640252,-0.0812214762
-0.0688945726,-0.0812684521
-0.0689053833,-0.0810795873
-0.0688967109,-0.0806048065
-0.0688688159,-0.0800893307
-0.0688220188,-0.0797447786
-0.0687567070,-0.0792703852
-0.0686734021,-0.0787028149
-0.0685729235,-0.0777671412
-0.0685729235,-0.0777671412
-0.0684567019,-0.0769247338
-0.0683268383,-0.0757930875
-0.0681856349,-0.0745636597
-0.0680349693,-0.0730126426
-0.0678759664,-0.0709860027
-0.0677093863,-0.0691157579
-0.0675356910,-0.0667030737
-0.0673549697,-0.0642570332
-0.0671672225,-0.0625260919
-0.0669726357,-0.0609212555
-0.0669726357,-0.0609212555
-0.0667714849,-0.0595030785
-0.0665641800,-0.0585783683
-0.0663515702,-0.0576569028
-0.0661356002,-0.0562107898
-0.0659190789,-0.0550832450
-0.0657051951,-0.0543636717
-0.0654974505,-0.0535854362
-0.0652995855,-0.0530753583
-0.0651155338,-0.0530465059
-0.0649493486,-0.0531067327
-0.0648045614,-0.0527009480
-0.0648045614,-0.0527009480
-0.0646835640,-0.0524584465
-0.0645875260,-0.0524298660
-0.0645166114,-0.0528298169
-0.0644701570,-0.0532288253
-0.0644468293,-0.0534107313
-0.0644449890,-0.0536368787
-0.0644633099,-0.0542500578
-0.0645010918,-0.0551180765
-0.0645578355,-0.0558155030
-0.0646331459,-0.0567070767
-0.0646331459,-0.0567070767
-0.0647268742,-0.0575196669
-0.0648385957,-0.0582253039
-0.0649670735,-0.0593366139
-0.0651103184,-0.0606205389
-0.0652659610,-0.0612624437
-0.0654320270,-0.0619521700
-0.0656071976,-0.0630059019
-0.0657903403,-0.0643612966
-0.0659798533,-0.0655371174
-0.0661736876,-0.0659162179
-0.0661736876,-0.0659162179
-0.0663695261,-0.0665934607
-0.0665649474,-0.0677143186
-0.0667577311,-0.0689722747
-0.0669464618,-0.0701360181
-0.0671307966,-0.0706959143
-0.0673107803,-0.0713083372
-0.0674862191,-0.0717527196
-0.0676565692,-0.0718349218
-0.0678210780,-0.0716839358
-0.0679788813,-0.0717986673
-0.0679788813,-0.0717986673
-0.0681290925,-0.0723520070
-0.0682708845,-0.0731446296
-0.0684035048,-0.0740877315
-0.0685263500,-0.0746781081
-0.0686389655,-0.0750840902
-0.0687412396,-0.0755909979
-0.0688339323,-0.0761524737
-0.0689188018,-0.0766592622
-0.0689979196,-0.0770528838
-0.0690729618,-0.0773496181
-0.0691450685,-0.0775452629
-0.0691450685,-0.0775452629
-0.0692149401,-0.0776669309
-0.0692829564,-0.0777845234
-0.0693492368,-0.0778023377
-0.0694137290,-0.0776878148
-0.0694762394,-0.0774141848
-0.0695365146,-0.0770574957
-0.0695942342,-0.0766193345
-0.0696491078,-0.0759635270
-0.0697006434,-0.0750938579
-0.0697477087,-0.0744055286
-0.0697477087,-0.0744055286
-0.0697883666,-0.0740203857
-0.0698205680,-0.0734958276
-0.0698428899,-0.0727171898
-0.0698545948,-0.0718178824
-0.0698555484,-0.0709566176
-0.0698458925,-0.0707110539
-0.0698254630,-0.0705507919
-0.0697934851,-0.0697962195
-0.0697492510,-0.0689598024
-0.0696926713,-0.0687217116
-0.0696926713,-0.0687217116
-0.0696243942,-0.0688953474
-0.0695455819,-0.0683838576
-0.0694577843,-0.0677233636
-0.0693627894,-0.0677335858
-0.0692625046,-0.0679275915
-0.0691588745,-0.0672729760
-0.0690538064,-0.0671112761
-0.0689490959,-0.0674303323
-0.0688463971,-0.0672878921
-0.0687471628,-0.0670415536
-0.0687471628,-0.0670415536
-0.0686526522,-0.0674393550
-0.0685639083,-0.0677660555
-0.0684815720,-0.0673362240
-0.0684055462,-0.0675432459
-0.0683351979,-0.0676656216
-0.0682696998,-0.0674724951
-0.0682078972,-0.0677792430
-0.0681484416,-0.0678307116
-0.0680902600,-0.0679079071
-0.0680327192,-0.0680470765
-0.0680327192,-0.0680470765
-0.0679755062,-0.0680946410
-0.0679185912,-0.0682970136
-0.0678621083,-0.0683276057
-0.0678063408,-0.0685981736
-0.0677516535,-0.0686257184
-0.0676984340,-0.0687854216
-0.0676469132,-0.0690047964
-0.0675966069,-0.0691331103
-0.0675461367,-0.0690150037
-0.0674939379,-0.0693425834
-0.0674389154,-0.0694900975
-0.0674389154,-0.0694900975
-0.0673805699,-0.0697622672
-0.0673188642,-0.0694630370
-0.0672541112,-0.0695244521
-0.0671868846,-0.0696524382
-0.0671179220,-0.0696352348
-0.0670478866,-0.0691753253
-0.0669767633,-0.0687770173
-0.0669037253,-0.0684945360
-0.0668277144,-0.0681799948
-0.0667481571,-0.0675100908
-0.0667481571,-0.0675100908
-0.0666650385,-0.0667399541
-0.0665787607,-0.0663067549
-0.0664900541,-0.0659013167
-0.0663998351,-0.0651031137
-0.0663091317,-0.0645100027
-0.0662190169,-0.0642222390
-0.0661305562,-0.0637329966
-0.0660447478,-0.0629975051
-0.0659625083,-0.0624233782
-0.0658846274,-0.0621179119
-0.0658846274,-0.0621179119
-0.0658117682,-0.0616147332
-0.0657444522,-0.0612685867
-0.0656830594,-0.0611015894
-0.0656278208,-0.0611856952
-0.0655788630,-0.0609303117
-0.0655361563,-0.0605584607
-0.0654995963,-0.0600821786
-0.0654689521,-0.0597650297
-0.0654439405,-0.0594837368
-0.0654241890,-0.0594002940
-0.0654241890,-0.0594002940
-0.0654092878,-0.0590984151
-0.0653989762,-0.0592411123
-0.0653936565,-0.0593348518
-0.0653945878,-0.0593114346
-0.0654031560,-0.0591040738
-0.0654202402,-0.0592312627
-0.0654460639,-0.0593675263
-0.0654803738,-0.0596809201
-0.0655224994,-0.0597977489
-0.0655715019,-0.0600217059
-0.0656262562,-0.0606904253
-0.0656262562,-0.0606904253
-0.0656857118,-0.0610675141
-0.0657494590,-0.0616303198
-0.0658179373,-0.0623601861
-0.0658918172,-0.0625492930
-0.0659712926,-0.0630913749
-0.0660560206,-0.0639500394
-0.0661452562,-0.0642451569
-0.0662381500,-0.0645448789
-0.0663343966,-0.0652829260
-0.0664344281,-0.0658665299
-0.0664344281,-0.0658665299
-0.0665388331,-0.0658532158
-0.0666476935,-0.0659107789
-0.0667605400,-0.0664526224
-0.0668764785,-0.0673929751
-0.0669943541,-0.0677120760
-0.0671128482,-0.0675461441
-0.0672305748,-0.0674519390
-0.0673463568,-0.0677921996
-0.0674597695,-0.0686613917
-0.0675713494,-0.0695640892
-0.0675713494,-0.0695640892
-0.0676819608,-0.0701419264
-0.0677920729,-0.0707020238
-0.0679016933,-0.0712175220
-0.0680104792,-0.0718064010
-0.0681178495,-0.0722021610
-0.0682230815,-0.0722493753
-0.0683253855,-0.0721447170
-0.0684239641,-0.0719521567
-0.0685180500,-0.0717244074
-0.0686069652,-0.0716568530
-0.0686069652,-0.0716568530
-0.0686901212,-0.0719690099
-0.0687670410,-0.0725450441
-0.0688373744,-0.0731735528
-0.0689009130,-0.0738349780
-0.0689575598,-0.0744336993
-0.0690075159,-0.0750513300
-0.0690517947,-0.0757075474
-0.0690923482,-0.0763995349
-0.0691313669,-0.0770752206
-0.0691705719,-0.0776402503
-0.0691705719,-0.0776402503
-0.0692110881,-0.0780912712
-0.0692535341,-0.0782881007
-0.0692981556,-0.0780922100
-0.0693448856,-0.0776137635
-0.0693934336,-0.0767755136
-0.0694431737,-0.0761831850
-0.0694926754,-0.0759701133
-0.0695396140,-0.0753947496
-0.0695812926,-0.0743349344
-0.0696148798,-0.0733113438
-0.0696374029,-0.0727922022
-0.0696374029,-0.0727922022
-0.0696463138,-0.0719378591
-0.0696400777,-0.0710088015
-0.0696182176,-0.0705820248
-0.0695809126,-0.0695438758
-0.0695284680,-0.0686298534
-0.0694611520,-0.0681637749
-0.0693792403,-0.0677806735
-0.0692832395,-0.0668730065
-0.0691742077,-0.0661377683
-0.0690538287,-0.0649481565
-0.0690538287,-0.0649481565
-0.0689239949,-0.0639841184
-0.0687863529,-0.0632960275
-0.0686421171,-0.0622508265
-0.0684921816,-0.0619090348
-0.0683373511,-0.0615293682
-0.0681787655,-0.0614741556
-0.0680179074,-0.0618870594
-0.0678565130,-0.0619946159
-0.0676965863,-0.0619483925
-0.0675408170,-0.0616838783
-0.0675408170,-0.0616838783
-0.0673926473,-0.0614499301
-0.0672555268,-0.0617144518
-0.0671321675,-0.0617014915
-0.0670244172,-0.0618853793
-0.0669333190,-0.0622471943
-0.0668592900,-0.0620402060
-0.0668021664,-0.0623576678
-0.0667613521,-0.0630239695
-0.0667358562,-0.0632979423
-0.0667244419,-0.0638300031
-0.0667244419,-0.0638300031
-0.0667256638,-0.0644851550
-0.0667379424,-0.0642488748
-0.0667596385,-0.0646059215
-0.0667890981,-0.0654075146
-0.0668247044,-0.0660231113
-0.0668649003,-0.0662245229
-0.0669084266,-0.0669109225
-0.0669546425,-0.0674818903
-0.0670033768,-0.0675197616
-0.0670546144,-0.0679911077
-0.0670546144,-0.0679911077
-0.0671086535,-0.0688875765
-0.0671659559,-0.0688999966
-0.0672267377,-0.0691232830
-0.0672906339,-0.0697638467
-0.0673564523,-0.0697883666
-0.0674226657,-0.0697181597
-0.0674882829,-0.0700585768
-0.0675529763,-0.0705707371
-0.0676164851,-0.0705085173
-0.0676782951,-0.0707149133
-0.0677371174,-0.0707555711
-0.0677371174,-0.0707555711
-0.0677908286,-0.0706160069
-0.0678371415,-0.0706586242
-0.0678743497,-0.0704224333
-0.0679014549,-0.0703058839
-0.0679180473,-0.0700248480
-0.0679242015,-0.0695435703
-0.0679203719,-0.0695185214
-0.0679073185,-0.0689526871
-0.0678860024,-0.0685517788
-0.0678575411,-0.0684968755
-0.0678575411,-0.0684968755
-0.0678231269,-0.0677886084
-0.0677840039,-0.0675392970
-0.0677413940,-0.0675228536
-0.0676964596,-0.0666374937
-0.0676503181,-0.0664482117
-0.0676039681,-0.0660772771
-0.0675583109,-0.0651320517
-0.0675141215,-0.0647296235
-0.0674720705,-0.0646098033
-0.0674326867,-0.0640018731
-0.0674326867,-0.0640018731
-0.0673963726,-0.0638895333
-0.0673634335,-0.0639044419
-0.0673340559,-0.0636616647
-0.0673085228,-0.0638474151
-0.0672877133,-0.0644723997
-0.0672732815,-0.0648784190
-0.0672667921,-0.0646873936
-0.0672688782,-0.0650420338
-0.0672796741,-0.0656944960
-0.0672990531,-0.0659483001
-0.0672990531,-0.0659483001
-0.0673261359,-0.0667623878
-0.0673595220,-0.0677978024
-0.0673979819,-0.0678038076
-0.0674402937,-0.0682210624
-0.0674849004,-0.0691419542
-0.0675302222,-0.0701224506
-0.0675749332,-0.0710387453
-0.0676179379,-0.0721721724
-0.0676583648,-0.0726620257
-0.0676955357,-0.0733889714
-0.0677288026,-0.0744184256
-0.0677288026,-0.0744184256
-0.0677571520,-0.0751335546
-0.0677793920,-0.0762005448
-0.0677946433,-0.0769625455
-0.0678024963,-0.0777340829
-0.0678029135,-0.0784862563
-0.0677961931,-0.0787484497
-0.0677828491,-0.0793722048
-0.0677633807,-0.0794296041
-0.0677377209,-0.0792982578
-0.0677050352,-0.0790278912
-0.0677050352,-0.0790278912
-0.0676643327,-0.0785847604
-0.0676151961,-0.0775578693
-0.0675574318,-0.0760024488
-0.0674899444,-0.0744434968
-0.0674100965,-0.0731398761
-0.0673144981,-0.0719478056
-0.0672001094,-0.0712151155
-0.0670651123,-0.0698545501
-0.0669088960,-0.0683066621
-0.0667311028,-0.0672482997
-0.0667311028,-0.0672482997
-0.0665310323,-0.0663545951
-0.0663082600,-0.0656000748
-0.0660633892,-0.0646078736
-0.0657983720,-0.0633549914
-0.0655163601,-0.0625282377
-0.0652210787,-0.0617831871
-0.0649160221,-0.0617437437
-0.0646040365,-0.0612275116
-0.0642877668,-0.0604238659
-0.0639701709,-0.0602298342
-0.0639701709,-0.0602298342
-0.0636547208,-0.0596774034
-0.0633456782,-0.0601049550
-0.0630480275,-0.0608056448
-0.0627667010,-0.0615028627
-0.0625057593,-0.0617355146
-0.0622682236,-0.0612566955
-0.0620561130,-0.0611697063
-0.0618705899,-0.0614309385
-0.0617120415,-0.0623050109
-0.0615799874,-0.0634472594
-0.0615799874,-0.0634472594
-0.0614726916,-0.0646781921
-0.0613871031,-0.0656862110
-0.0613196492,-0.0662397146
-0.0612670183,-0.0662200823
-0.0612263642,-0.0656931847
-0.0611952543,-0.0650729910
-0.0611714497,-0.0650809258
-0.0611523353,-0.0652037486
-0.0611347482,-0.0658226088
-0.0611156262,-0.0661678240
-0.0610926710,-0.0663848296
-0.0610926710,-0.0663848296
-0.0610642508,-0.0664431825
-0.0610287338,-0.0661213249
-0.0609842166,-0.0661104396
-0.0609290637,-0.0663206801
-0.0608625077,-0.0671366751
-0.0607846826,-0.0669665486
-0.0606961995,-0.0661055073
-0.0605975017,-0.0662401021
-0.0604885183,-0.0663269013
-0.0603692234,-0.0661240295
-0.0603692234,-0.0661240295
-0.0602400452,-0.0663206652
-0.0601011813,-0.0656679571
-0.0599517673,-0.0644957125
-0.0597902015,-0.0646449998
-0.0596154220,-0.0648217797
-0.0594273806,-0.0642391145
-0.0592264719,-0.0637929440
-0.0590130314,-0.0630920753
-0.0587877892,-0.0625369474
-0.0585523061,-0.0622949563
-0.0585523061,-0.0622949563
-0.0583089367,-0.0626249835
-0.0580603331,-0.0623154566
-0.0578087308,-0.0625780970
-0.0575554036,-0.0616646335
-0.0573006831,-0.0613145605
-0.0570444092,-0.0615495220
-0.0567866340,-0.0612031966
-0.0565281138,-0.0611854307
-0.0562701151,-0.0606809966
-0.0560136437,-0.0601995215
-0.0560136437,-0.0601995215
-0.0557587221,-0.0604832210
-0.0555042773,-0.0613947809
-0.0552488454,-0.0628270283
-0.0549911223,-0.0614538454
-0.0547299795,-0.0577389784
-0.0544650368,-0.0519656353
-0.0541974306,-0.0455177203
-0.0539295599,-0.0387397557
-0.0536644459,-0.0317244083
-0.0534056351,-0.0258872267
-0.0534056351,-0.0258872267
-0.0531570762,-0.0215828940
-0.0529229976,-0.0190045852
-0.0527083836,-0.0181706697
-0.0525201745,-0.0181722287
-0.0523682572,-0.0182608832
-0.0522643328,-0.0188324898
-0.0522194803,-0.0201748647
-0.0522425324,-0.0223673508
-0.0523393601,-0.0249556638
-0.0525128096,-0.0276495647
-0.0527633317,-0.0304152910
-0.0527633317,-0.0304152910
-0.0530893505,-0.0332939178
-0.0534872636,-0.0366380066
-0.0539514944,-0.0400448367
-0.0544748604,-0.0442073233
-0.0550496541,-0.0483289398
-0.0556685030,-0.0521034524
-0.0563236699,-0.0554318577
-0.0570066012,-0.0588153489
-0.0577089600,-0.0619186237
-0.0584234074,-0.0645282343
-0.0584234074,-0.0645282343
-0.0591432229,-0.0669118538
-0.0598616265,-0.0692055747
-0.0605713427,-0.0717249364
-0.0612644777,-0.0735510439
-0.0619328767,-0.0753775463
-0.0625686198,-0.0762654096
-0.0631645620,-0.0774660707
-0.0637149364,-0.0783950165
-0.0642155558,-0.0790739954
-0.0646637082,-0.0797703564
-0.0646637082,-0.0797703564
-0.0650580674,-0.0799147412
-0.0653985292,-0.0800679997
-0.0656860769,-0.0806178078
-0.0659222528,-0.0808483958
-0.0661079735,-0.0808320194
-0.0662430897,-0.0807517171
-0.0663275942,-0.0807196125
-0.0663626939,-0.0801799446
-0.0663502291,-0.0790295526
-0.0662916303,-0.0776550472
-0.0662916303,-0.0776550472
-0.0661879554,-0.0754660815
-0.0660402551,-0.0731070861
-0.0658495426,-0.0702170357
-0.0656168386,-0.0671340302
-0.0653438941,-0.0650715306
-0.0650337711,-0.0621323436
-0.0646910667,-0.0595245436
-0.0643217862,-0.0560876690
-0.0639331937,-0.0525012948
-0.0635332391,-0.0485794842
-0.0635332391,-0.0485794842
-0.0631300956,-0.0453037955
-0.0627326816,-0.0436556749
-0.0623510815,-0.0428025872
-0.0619957037,-0.0426250733
-0.0616767146,-0.0423751175
-0.0614037625,-0.0412989184
-0.0611851737,-0.0405164659
-0.0610272475,-0.0405215546
-0.0609339476,-0.0408879742
-0.0609067976,-0.0414983295
-0.0609452501,-0.0423917137
-0.0609452501,-0.0423917137
-0.0610476099,-0.0439215824
-0.0612119548,-0.0457638204
-0.0614366382,-0.0479862094
-0.0617202520,-0.0504668765
-0.0620610788,-0.0529510714
-0.0624558851,-0.0564607494
-0.0628993735,-0.0598490201
-0.0633851588,-0.0634148046
-0.0639071092,-0.0673101470
-0.0644594356,-0.0708693787
-0.0644594356,-0.0708693787
-0.0650357530,-0.0749697536
-0.0656287149,-0.0788162500
-0.0662302896,-0.0826386660
-0.0668320730,-0.0856828243
-0.0674249753,-0.0882854164
-0.0679986775,-0.0902603641
-0.0685416907,-0.0909998566
-0.0690420642,-0.0907087550
-0.0694883019,-0.0897059888
-0.0698704869,-0.0887672901
-0.0698704869,-0.0887672901
-0.0701808259,-0.0877888724
-0.0704132542,-0.0874510556
-0.0705631077,-0.0874317586
-0.0706277788,-0.0871335194
-0.0706076622,-0.0873156264
-0.0705061853,-0.0872108638
-0.0703287646,-0.0864231214
-0.0700818822,-0.0858289748
-0.0697731897,-0.0840576366
-0.0694114193,-0.0824481621
-0.0694114193,-0.0824481621
-0.0690055788,-0.0812599808
-0.0685642511,-0.0798883066
-0.0680958629,-0.0790373608
-0.0676086694,-0.0776805654
-0.0671095774,-0.0765781701
-0.0666035339,-0.0752441958
-0.0660944059,-0.0736005753
-0.0655857325,-0.0715351477
-0.0650806278,-0.0693132803
-0.0645819753,-0.0673892498
-0.0640923381,-0.0647824928
-0.0640923381,-0.0647824928
-0.0636137202,-0.0622205809
-0.0631479770,-0.0595117509
-0.0626973137,-0.0574757420
-0.0622640289,-0.0558100715
-0.0618499853,-0.0539824180
-0.0614565611,-0.0523144603
-0.0610850602,-0.0509476662
-0.0607367754,-0.0498696603
-0.0604130551,-0.0486412160
-0.0601155311,-0.0471886694
-0.0601155311,-0.0471886694
-0.0598458797,-0.0463231914
-0.0596052781,-0.0456556790
-0.0593945757,-0.0455072112
-0.0592154041,-0.0450326279
-0.0590704978,-0.0448052511
-0.0589626618,-0.0444442071
-0.0588940941,-0.0441890135
-0.0588669181,-0.0446128994
-0.0588829629,-0.0445674919
-0.0589428917,-0.0449979044
-0.0589428917,-0.0449979044
-0.0590461418,-0.0456630066
-0.0591913164,-0.0463930257
-0.0593759678,-0.0469914898
-0.0595964603,-0.0479917042
-0.0598486997,-0.0488120504
-0.0601286963,-0.0496241525
-0.0604322143,-0.0514224805
-0.0607543960,-0.0533512011
-0.0610898547,-0.0551707000
-0.0614330024,-0.0579909869
-0.0617782958,-0.0610199645
-0.0617782958,-0.0610199645
-0.0621206425,-0.0637030452
-0.0624560565,-0.0670100227
-0.0627819151,-0.0703162700
-0.0630963668,-0.0736806914
-0.0633976534,-0.0765997618
-0.0636840314,-0.0799561441
-0.0639538765,-0.0832634419
-0.0642055869,-0.0855487809
-0.0644369498,-0.0882012770
-0.0646445379,-0.0906128436
-0.0646445379,-0.0906128436
-0.0648242310,-0.0912063345
-0.0649726242,-0.0903262645
-0.0650876239,-0.0888661072
-0.0651675612,-0.0863185972
-0.0652097315,-0.0837451965
-0.0652103797,-0.0806683600
-0.0651661679,-0.0769684538
-0.0650755242,-0.0732574239
-0.0649385378,-0.0691141114
-0.0647564903,-0.0652650893
-0.0647564903,-0.0652650893
-0.0645318255,-0.0614667758
-0.0642680451,-0.0580220558
-0.0639698058,-0.0550522767
-0.0636434704,-0.0520461798
-0.0632972270,-0.0498644970
-0.0629405230,-0.0483854339
-0.0625833794,-0.0470689572
-0.0622358136,-0.0459407717
-0.0619074218,-0.0452832468
-0.0616068393,-0.0441870056
-0.0616068393,-0.0441870056
-0.0613413751,-0.0434438363
-0.0611173175,-0.0432668775
-0.0609400123,-0.0430776440
-0.0608131886,-0.0435417481
-0.0607388653,-0.0447025076
-0.0607177690,-0.0469686389
-0.0607492775,-0.0491579361
-0.0608318038,-0.0518367402
-0.0609637387,-0.0541177131
-0.0611435175,-0.0557377674
-0.0611435175,-0.0557377674
-0.0613691434,-0.0583113991
-0.0616378598,-0.0604660101
-0.0619457588,-0.0626274794
-0.0622875541,-0.0654547960
-0.0626568720,-0.0679301620
-0.0630467087,-0.0698574558
-0.0634499937,-0.0719434842
-0.0638602450,-0.0740634724
-0.0642718449,-0.0755998716
-0.0646799877,-0.0764839426
-0.0650805384,-0.0770720020
-0.0650805384,-0.0770720020
-0.0654694363,-0.0771389753
-0.0658421442,-0.0761966482
-0.0661936402,-0.0750993192
-0.0665186271,-0.0737904981
-0.0668109953,-0.0723415166
-0.0670637935,-0.0714869797
-0.0672712103,-0.0715647042
-0.0674303621,-0.0717647299
-0.0675411299,-0.0720995367
-0.0676052049,-0.0727307573
-0.0676052049,-0.0727307573
-0.0676253363,-0.0731017366
-0.0676044971,-0.0728865862
-0.0675452575,-0.0724382699
-0.0674497783,-0.0721032396
-0.0673200935,-0.0716772228
-0.0671587661,-0.0709678009
-0.0669691190,-0.0706010386
-0.0667544156,-0.0702563450
-0.0665167123,-0.0698124468
-0.0662565976,-0.0695451051
-0.0662565976,-0.0695451051
-0.0659742132,-0.0686604381
-0.0656705797,-0.0679123551
-0.0653479248,-0.0671139210
-0.0650089830,-0.0664372966
-0.0646564141,-0.0665252730
-0.0642931312,-0.0662259758
-0.0639225394,-0.0664789975
-0.0635479018,-0.0667650327
-0.0631716922,-0.0671390891
-0.0627955347,-0.0674989074
-0.0627955347,-0.0674989074
-0.0624205582,-0.0673833415
-0.0620478317,-0.0666319728
-0.0616783574,-0.0651034340
-0.0613128357,-0.0634256974
-0.0609518960,-0.0620188676
-0.0605962537,-0.0614703372
-0.0602466613,-0.0609445907
-0.0599038303,-0.0605329797
-0.0595685765,-0.0603032708
-0.0592421293,-0.0604318380
-0.0589260980,-0.0606989637
-0.0589260980,-0.0606989637
-0.0586223081,-0.0607429221
-0.0583325922,-0.0607889518
-0.0580586828,-0.0605348647
-0.0578021184,-0.0603336617
-0.0575641766,-0.0599543042
-0.0573456250,-0.0593961515
-0.0571462214,-0.0594401583
-0.0569645502,-0.0594878346
-0.0567986928,-0.0594684519
-0.0566467978,-0.0595123023
-0.0566467978,-0.0595123023
-0.0565066896,-0.0594745614
-0.0563756451,-0.0589817911
-0.0562509820,-0.0584919080
-0.0561307222,-0.0583182350
-0.0560136288,-0.0583666153
-0.0558990762,-0.0582626648
-0.0557868779,-0.0583356172
-0.0556769818,-0.0585463457
-0.0555688813,-0.0584885553
-0.0554613657,-0.0578308962
-0.0554613657,-0.0578308962
-0.0553531237,-0.0571048036
-0.0552434027,-0.0562007576
-0.0551320836,-0.0552736931
-0.0550195128,-0.0541877523
-0.0549063645,-0.0531899333
-0.0547935404,-0.0529243276
-0.0546820536,-0.0526604205
-0.0545729697,-0.0519995913
-0.0544675067,-0.0510768816
-0.0543673374,-0.0505365320
-0.0543673374,-0.0505365320
-0.0542745404,-0.0499511771
-0.0541914031,-0.0490661971
-0.0541202277,-0.0483866371
-0.0540633947,-0.0479638241
-0.0540235490,-0.0480871163
-0.0540035777,-0.0479149483
-0.0540061668,-0.0474626645
-0.0540332869,-0.0472170636
-0.0540864095,-0.0474851355
-0.0541672707,-0.0478841513
-0.0541672707,-0.0478841513
-0.0542777888,-0.0484094769
-0.0544196889,-0.0489317663
-0.0545945391,-0.0494504310
-0.0548036397,-0.0498649962
-0.0550475270,-0.0502795056
-0.0553256944,-0.0509995967
-0.0556362048,-0.0515050776
-0.0559756532,-0.0524329394
-0.0563400164,-0.0534643419
-0.0567252487,-0.0544738434
-0.0571270138,-0.0549036786
-0.0571270138,-0.0549036786
-0.0575403236,-0.0553526022
-0.0579596944,-0.0556658879
-0.0583794713,-0.0559692308
-0.0587941110,-0.0560362265
-0.0591985881,-0.0563036352
-0.0595886633,-0.0565013587
-0.0599605441,-0.0567172132
-0.0603105724,-0.0569676831
-0.0606358014,-0.0574643947
-0.0609345771,-0.0580887645
-0.0609345771,-0.0580887645
-0.0612063259,-0.0587383732
-0.0614512004,-0.0593384281
-0.0616701618,-0.0599856041
-0.0618645996,-0.0606917106
-0.0620353296,-0.0615274273
-0.0621821955,-0.0620500371
-0.0623048320,-0.0623655468
-0.0624035336,-0.0626707822
-0.0624795444,-0.0628928244
-0.0625344366,-0.0628768131
-0.0625344366,-0.0628768131
-0.0625698641,-0.0627068281
-0.0625878721,-0.0629796460
-0.0625906140,-0.0630793944
-0.0625800863,-0.0632149726
-0.0625588894,-0.0631922558
-0.0625305474,-0.0631775260
-0.0624987707,-0.0629926249
-0.0624667071,-0.0629318655
-0.0624367706,-0.0623994768
-0.0624107420,-0.0619753152
-0.0624107420,-0.0619753152
-0.0623898357,-0.0614072829
-0.0623748153,-0.0612031706
-0.0623660423,-0.0608707033
-0.0623637363,-0.0605185889
-0.0623683818,-0.0599825270
-0.0623809658,-0.0593327396
-0.0624033473,-0.0589194298
-0.0624381043,-0.0583989099
-0.0624874420,-0.0581602082
-0.0625523999,-0.0582128502
-0.0625523999,-0.0582128502
-0.0626328811,-0.0580720678
-0.0627279207,-0.0578316301
-0.0628360957,-0.0577465333
-0.0629562140,-0.0577664711
-0.0630878508,-0.0578098819
-0.0632312819,-0.0580397919
-0.0633870661,-0.0586524941
-0.0635553524,-0.0592682585
-0.0637355521,-0.0597716384
-0.0639270768,-0.0602357052
-0.0641302988,-0.0607112162
-0.0641302988,-0.0607112162
-0.0643462017,-0.0611291230
-0.0645754039,-0.0614254735
-0.0648179948,-0.0614597052
-0.0650738180,-0.0612525828
-0.0653420985,-0.0609123036
-0.0656210929,-0.0604689494
-0.0659083202,-0.0599089079
-0.0662012547,-0.0590950437
-0.0664975941,-0.0580703318
-0.0667952821,-0.0569199808
-0.0667952821,-0.0569199808
-0.0670923442,-0.0557569452
-0.0673865527,-0.0546808168
-0.0676754117,-0.0537637696
-0.0679563656,-0.0531560294
-0.0682269260,-0.0529464521
-0.0684849918,-0.0528443120
-0.0687294230,-0.0526918992
-0.0689602643,-0.0528554432
-0.0691780671,-0.0541204400
-0.0693834350,-0.0565676726
-0.0693834350,-0.0565676726
-0.0695775598,-0.0587371849
-0.0697629973,-0.0600522794
-0.0699432492,-0.0613586567
-0.0701215789,-0.0626942217
-0.0703008324,-0.0632858425
-0.0704835430,-0.0637608021
-0.0706715882,-0.0650646165
-0.0708656833,-0.0666818246
-0.0710656270,-0.0679735094
-0.0712709501,-0.0694094002
-0.0712709501,-0.0694094002
-0.0714811534,-0.0708788261
-0.0716957226,-0.0720418468
-0.0719139576,-0.0730442703
-0.0721348450,-0.0738766789
-0.0723573640,-0.0742034689
-0.0725807175,-0.0742674470
-0.0728043020,-0.0741495788
-0.0730274692,-0.0738517493
-0.0732492208,-0.0737488419
-0.0734681413,-0.0737259015
-0.0734681413,-0.0737259015
-0.0736825913,-0.0737467706
-0.0738910213,-0.0735588595
-0.0740925968,-0.0732353777
-0.0742874593,-0.0731240511
-0.0744760707,-0.0732023492
-0.0746586025,-0.0734705329
-0.0748349875,-0.0734247118
-0.0750055984,-0.0729385018
-0.0751715079,-0.0724506825
-0.0753338858,-0.0720252097
-0.0754933730,-0.0718051195
-0.0754933730,-0.0718051195
-0.0756504014,-0.0714912638
-0.0758063644,-0.0716713965
-0.0759640709,-0.0723372176
-0.0761264786,-0.0725975409
-0.0762953684,-0.0725621656
-0.0764712468,-0.0723460987
-0.0766537711,-0.0719834566
-0.0768425912,-0.0713115185
-0.0770376697,-0.0711713955
-0.0772388503,-0.0717896521
-0.0772388503,-0.0717896521
-0.0774454549,-0.0722806677
-0.0776568502,-0.0728310943
-0.0778727904,-0.0730906203
-0.0780929476,-0.0726839453
-0.0783163607,-0.0722641945
-0.0785416514,-0.0727264732
-0.0787677243,-0.0735472813
-0.0789941400,-0.0747469291
-0.0792205408,-0.0757135302
-0.0794463009,-0.0756711140
-0.0794463009,-0.0756711140
-0.0796709806,-0.0754869208
-0.0798946917,-0.0757556409
-0.0801175609,-0.0763570815
-0.0803393424,-0.0773113146
-0.0805599168,-0.0779151022
-0.0807796419,-0.0780278742
-0.0809990168,-0.0781390592
-0.0812184513,-0.0790295750
-0.0814382434,-0.0801035389
-0.0816586390,-0.0810663998
-0.0816586390,-0.0810663998
-0.0818796158,-0.0814556330
-0.0821005777,-0.0810848475
-0.0823203549,-0.0813032985
-0.0825374126,-0.0815894082
-0.0827500224,-0.0821835622
-0.0829563886,-0.0822386369
-0.0831549540,-0.0818898231
-0.0833448023,-0.0820787400
-0.0835257471,-0.0821922943
-0.0836981535,-0.0830003321
-0.0836981535,-0.0830003321
-0.0838626176,-0.0828110650
-0.0840195566,-0.0826522484
-0.0841690525,-0.0821534172
-0.0843109563,-0.0819043815
-0.0844452009,-0.0814254135
-0.0845721513,-0.0811262950
-0.0846927166,-0.0807351172
-0.0848081484,-0.0805597529
-0.0849199593,-0.0805560052
-0.0850297660,-0.0804156438
-0.0851392224,-0.0804677084
-0.0851392224,-0.0804677084
-0.0852499381,-0.0806795880
-0.0853632241,-0.0810629055
-0.0854799449,-0.0811937749
-0.0856007561,-0.0811524093
-0.0857263356,-0.0810566321
-0.0858572870,-0.0813067704
-0.0859941840,-0.0813045427
-0.0861376598,-0.0818884522
-0.0862885788,-0.0827660486
-0.0864475071,-0.0834043100
-0.0864475071,-0.0834043100
-0.0866141990,-0.0841513723
-0.0867875889,-0.0846853852
-0.0869660601,-0.0849011317
-0.0871476382,-0.0851299390
-0.0873301327,-0.0856130421
-0.0875113159,-0.0861114562
-0.0876889899,-0.0866010487
-0.0878611282,-0.0872279108
-0.0880260766,-0.0883440003
-0.0881829187,-0.0890675262
-0.0881829187,-0.0890675262
-0.0883313790,-0.0894683152
-0.0884714723,-0.0899802521
-0.0886034593,-0.0907586366
-0.0887274146,-0.0912741870
-0.0888429359,-0.0915640742
-0.0889496803,-0.0916002989
-0.0890477896,-0.0922798365
-0.0891375691,-0.0924464539
-0.0892194659,-0.0920086503
-0.0892940462,-0.0917339176
-0.0892940462,-0.0917339176
-0.0893612057,-0.0918231830
-0.0894200206,-0.0914611369
-0.0894697607,-0.0909132361
-0.0895102695,-0.0903912187
-0.0895411372,-0.0900410637
-0.0895612091,-0.0898131058
-0.0895694569,-0.0892682597
-0.0895659477,-0.0888836086
-0.0895517990,-0.0890037864
-0.0895284936,-0.0894385278
-0.0894975513,-0.0895875022
-0.0894975513,-0.0895875022
-0.0894604921,-0.0898816437
-0.0894188285,-0.0896460041
-0.0893739685,-0.0891595334
-0.0893272161,-0.0885282978
-0.0892797709,-0.0882011205
-0.0892326832,-0.0883357152
-0.0891868621,-0.0884247273
-0.0891430900,-0.0880205259
-0.0891019776,-0.0882728770
-0.0890640169,-0.0879426971
-0.0890640169,-0.0879426971
-0.0890295506,-0.0876292288
-0.0889988095,-0.0878260285
-0.0889719129,-0.0881633162
-0.0889488906,-0.0887616202
-0.0889296532,-0.0890196487
-0.0889140740,-0.0891633928
-0.0889019594,-0.0894865468
-0.0888930634,-0.0895619169
-0.0888871029,-0.0895915031
-0.0888837725,-0.0894458368
-0.0888837725,-0.0894458368
-0.0888827592,-0.0894792825
-0.0888837427,-0.0898289531
-0.0888862163,-0.0901562124
-0.0888891667,-0.0901446119
-0.0888912678,-0.0904899612
-0.0888912156,-0.0903846771
-0.0888873786,-0.0903291330
-0.0888776034,-0.0896949992
-0.0888596550,-0.0892246664
-0.0888315439,-0.0887228921
-0.0888315439,-0.0887228921
-0.0887917653,-0.0889531896
-0.0887396261,-0.0898090601
-0.0886753052,-0.0905122161
-0.0885996372,-0.0912544504
-0.0885139555,-0.0913718939
-0.0884197354,-0.0915733054
-0.0883179531,-0.0912315696
-0.0882088467,-0.0903898329
-0.0880923122,-0.0899190232
-0.0879680216,-0.0898162350
-0.0879680216,-0.0898162350
-0.0878351629,-0.0899933502
-0.0876924023,-0.0903524235
-0.0875383466,-0.0904378667
-0.0873722062,-0.0903845206
-0.0871942416,-0.0906944647
-0.0870055407,-0.0908249170
-0.0868072137,-0.0909739658
-0.0865999907,-0.0908648744
-0.0863847062,-0.0900152177
-0.0861626416,-0.0896820277
-0.0859348029,-0.0895114020
-0.0859348029,-0.0895114020
-0.0857010409,-0.0892438442
-0.0854603946,-0.0892509744
-0.0852122828,-0.0886713490
-0.0849572495,-0.0881232917
-0.0846968070,-0.0875770673
-0.0844329596,-0.0874269679
-0.0841674507,-0.0875076130
-0.0839013532,-0.0870579034
-0.0836356282,-0.0858536512
-0.0833714604,-0.0852977484
-0.0833714604,-0.0852977484
-0.0831097960,-0.0850780830
-0.0828509405,-0.0849550515
-0.0825951323,-0.0850320756
-0.0823430866,-0.0852328837
-0.0820960030,-0.0852278620
-0.0818553790,-0.0851083100
-0.0816228613,-0.0846900567
-0.0813998878,-0.0839818493
-0.0811869428,-0.0834725127
-0.0809829757,-0.0828992277
-0.0809829757,-0.0828992277
-0.0807860345,-0.0819870532
-0.0805941299,-0.0811348483
-0.0804056749,-0.0808967948
-0.0802198052,-0.0804863572
-0.0800362229,-0.0802624151
-0.0798544809,-0.0803319886
-0.0796736330,-0.0801769197
-0.0794928297,-0.0796658397
-0.0793118402,-0.0792518631
-0.0791311264,-0.0792464390
-0.0791311264,-0.0792464390
-0.0789517909,-0.0792202577
-0.0787757561,-0.0789154992
-0.0786054283,-0.0785623491
-0.0784432814,-0.0787258744
-0.0782918930,-0.0793593153
-0.0781536028,-0.0798984766
-0.0780294538,-0.0802118033
-0.0779189542,-0.0803123936
-0.0778207704,-0.0802619010
-0.0777335912,-0.0800983459
-0.0776560977,-0.0800044462
-0.0776560977,-0.0800044462
-0.0775864571,-0.0799829513
-0.0775219053,-0.0803010166
-0.0774589553,-0.0808132067
-0.0773938596,-0.0815262794
-0.0773234516,-0.0825237632
-0.0772456825,-0.0836661011
-0.0771594197,-0.0846509784
-0.0770637169,-0.0855270699
-0.0769574642,-0.0862680599
-0.0768398792,-0.0870485902
-0.0768398792,-0.0870485902
-0.0767110586,-0.0880539268
-0.0765719488,-0.0890944973
-0.0764239430,-0.0900305361
-0.0762681663,-0.0908567235
-0.0761051327,-0.0915311575
-0.0759351254,-0.0919920877
-0.0757584572,-0.0922196358
-0.0755752474,-0.0921866968
-0.0753849894,-0.0918722972
-0.0751863346,-0.0911109298
-0.0751863346,-0.0911109298
-0.0749774277,-0.0892178565
-0.0747555718,-0.0861790478
-0.0745163187,-0.0821525380
-0.0742532164,-0.0778910294
-0.0739594474,-0.0736101940
-0.0736303926,-0.0692019388
-0.0732648149,-0.0645996407
-0.0728649199,-0.0601574518
-0.0724363327,-0.0579190999
-0.0719878376,-0.0574508384
-0.0719878376,-0.0574508384
-0.0715304166,-0.0582144074
-0.0710764080,-0.0591028035
-0.0706392080,-0.0595425218
-0.0702323765,-0.0592290312
-0.0698674470,-0.0585362017
-0.0695521533,-0.0580152050
-0.0692906156,-0.0578053184
-0.0690841526,-0.0576669984
-0.0689314231,-0.0576622970
-0.0688286424,-0.0579634346
-0.0688286424,-0.0579634346
-0.0687705949,-0.0587033816
-0.0687516779,-0.0600636043
-0.0687662587,-0.0618802868
-0.0688088164,-0.0641155317
-0.0688740388,-0.0667826235
-0.0689569116,-0.0696514472
-0.0690527707,-0.0727038831
-0.0691573694,-0.0761780813
-0.0692669153,-0.0801059678
-0.0693780482,-0.0843255073
-0.0694878921,-0.0885443687
-0.0694878921,-0.0885443687
-0.0695940405,-0.0923934057
-0.0696945190,-0.0954088867
-0.0697877854,-0.0976915956
-0.0698725209,-0.0992011577
-0.0699468702,-0.0999529436
-0.0700075999,-0.1000241414
-0.0700496733,-0.0993011668
-0.0700659156,-0.0978942961
-0.0700466186,-0.0957460180
-0.0699809417,-0.0927259475
-0.0699809417,-0.0927259475
-0.0698594972,-0.0886249766
-0.0696754828,-0.0834665596
-0.0694244504,-0.0773980990
-0.0691044554,-0.0718347281
-0.0687164515,-0.0679425821
-0.0682644323,-0.0646716505
-0.0677552521,-0.0615439638
-0.0671979263,-0.0582933947
-0.0666034073,-0.0557949841
-0.0659852773,-0.0539105497
-0.0659852773,-0.0539105497
-0.0653592795,-0.0518966988
-0.0647410005,-0.0500735566
-0.0641441569,-0.0491604805
-0.0635806024,-0.0482483655
-0.0630606711,-0.0472850427
-0.0625925958,-0.0470495895
-0.0621822253,-0.0472397655
-0.0618336089,-0.0478617139
-0.0615494698,-0.0490360297
-0.0613310672,-0.0503356494
-0.0613310672,-0.0503356494
-0.0611783080,-0.0516605824
-0.0610901043,-0.0527928248
-0.0610642508,-0.0544394404
-0.0610978343,-0.0570212118
-0.0611880645,-0.0595042445
-0.0613321885,-0.0616334006
-0.0615264587,-0.0628686175
-0.0617654547,-0.0635355413
-0.0620420352,-0.0640606359
-0.0623479746,-0.0648302063
-0.0623479746,-0.0648302063
-0.0626748651,-0.0658121109
-0.0630144328,-0.0666905940
-0.0633584335,-0.0681582168
-0.0636989549,-0.0699200705
-0.0640290380,-0.0710160434
-0.0643429235,-0.0714646652
-0.0646358356,-0.0715677887
-0.0649034083,-0.0712679178
-0.0651412755,-0.0708520487
-0.0653451681,-0.0707408339
-0.0655115321,-0.0704344884
-0.0655115321,-0.0704344884
-0.0656385720,-0.0702484772
-0.0657263249,-0.0702402964
-0.0657757595,-0.0701892376
-0.0657882169,-0.0693107024
-0.0657652020,-0.0682894960
-0.0657082051,-0.0672106668
-0.0656191409,-0.0657853708
-0.0655008033,-0.0645002872
-0.0653568357,-0.0631440580
-0.0651914179,-0.0623503700
-0.0651914179,-0.0623503700
-0.0650090054,-0.0622068048
-0.0648141801,-0.0618595593
-0.0646114275,-0.0608710051
-0.0644052029,-0.0600694008
-0.0642001554,-0.0599350184
-0.0640010759,-0.0595904775
-0.0638126284,-0.0582533628
-0.0636391565,-0.0571919791
-0.0634845644,-0.0570940524
-0.0633522049,-0.0573315881
-0.0633522049,-0.0573315881
-0.0632448122,-0.0569032952
-0.0631644651,-0.0562733859
-0.0631126165,-0.0559034459
-0.0630900934,-0.0556298569
-0.0630971193,-0.0560323037
-0.0631333962,-0.0563872419
-0.0631983280,-0.0568638705
-0.0632912368,-0.0574442558
-0.0634109229,-0.0576588437
-0.0635554045,-0.0580529906
-0.0635554045,-0.0580529906
-0.0637224913,-0.0582965910
-0.0639102384,-0.0584012941
-0.0641165152,-0.0587534085
-0.0643384978,-0.0591514297
-0.0645727664,-0.0598423444
-0.0648155287,-0.0608630106
-0.0650628731,-0.0616063178
-0.0653109252,-0.0625674948
-0.0655559972,-0.0635537580
-0.0657947138,-0.0639307499
-0.0660240576,-0.0641823336
-0.0660240576,-0.0641823336
-0.0662414581,-0.0646657273
-0.0664449856,-0.0650333613
-0.0666336641,-0.0653991848
-0.0668071583,-0.0660819560
-0.0669648647,-0.0664464906
-0.0671059042,-0.0671317875
-0.0672296584,-0.0678416640
-0.0673359632,-0.0683835968
-0.0674250573,-0.0695710853
-0.0674975067,-0.0704990774
-0.0674975067,-0.0704990774
-0.0675541684,-0.0708965659
-0.0675961301,-0.0714540333
-0.0676246285,-0.0712988898
-0.0676410347,-0.0712487921
-0.0676465854,-0.0712886527
-0.0676418617,-0.0715098083
-0.0676265880,-0.0709952787
-0.0676002949,-0.0706504360
-0.0675629973,-0.0709268674
-0.0675152540,-0.0716250166
-0.0675152540,-0.0716250166
-0.0674580783,-0.0716601610
-0.0673927739,-0.0709121823
-0.0673206523,-0.0701885968
-0.0672424436,-0.0696176440
-0.0671580583,-0.0684973076
-0.0670672059,-0.0670183077
-0.0669700652,-0.0662691221
-0.0668673217,-0.0659584403
-0.0667600781,-0.0656425506
-0.0666496530,-0.0647749230
-0.0666496530,-0.0647749230
-0.0665375218,-0.0643974692
-0.0664251968,-0.0640961528
-0.0663141757,-0.0636812672
-0.0662058517,-0.0628885627
-0.0661016926,-0.0625358149
-0.0660037026,-0.0624604635
-0.0659145415,-0.0626394600
-0.0658368468,-0.0625309199
-0.0657725185,-0.0624885000
-0.0657226220,-0.0626511723
-0.0657226220,-0.0626511723
-0.0656875074,-0.0631027892
-0.0656669512,-0.0633172914
-0.0656602681,-0.0629961640
-0.0656664073,-0.0627802610
-0.0656840652,-0.0628753603
-0.0657117665,-0.0632180050
-0.0657479316,-0.0635153279
-0.0657909289,-0.0639174357
-0.0658391640,-0.0647708327
-0.0658909008,-0.0658543929
-0.0659441873,-0.0667395890
-0.0659441873,-0.0667395890
-0.0659973472,-0.0671424046
-0.0660493672,-0.0677992180
-0.0660995692,-0.0687831566
-0.0661473721,-0.0698548481
-0.0661922619,-0.0707151368
-0.0662338734,-0.0714212731
-0.0662719011,-0.0725810006
-0.0663061514,-0.0740087330
-0.0663365349,-0.0751848295
-0.0663630217,-0.0762819871
-0.0663630217,-0.0762819871
-0.0663856789,-0.0774053633
-0.0664046183,-0.0786775500
-0.0664200187,-0.0801607817
-0.0664321035,-0.0811518654
-0.0664411336,-0.0799234733
-0.0664473921,-0.0797673911
-0.0664511696,-0.0802210867
-0.0664527714,-0.0797528699
-0.0664526969,-0.0788817480
-0.0664523169,-0.0780025497
-0.0664523169,-0.0780025497
-0.0664545149,-0.0773098692
-0.0664633736,-0.0766479820
-0.0664832443,-0.0758596361
-0.0665181279,-0.0748361573
-0.0665709525,-0.0735374168
-0.0666431412,-0.0718624666
-0.0667349100,-0.0697648674
-0.0668460429,-0.0673695728
-0.0669763684,-0.0648052543
-0.0671252906,-0.0621813200
-0.0671252906,-0.0621813200
-0.0672913194,-0.0597306788
-0.0674721003,-0.0577576719
-0.0676647276,-0.0563742332
-0.0678659528,-0.0553047135
-0.0680723786,-0.0540461913
-0.0682806298,-0.0525570959
-0.0684876665,-0.0507691503
-0.0686913580,-0.0488618501
-0.0688909516,-0.0473707244
-0.0690868869,-0.0470073223
-0.0690868869,-0.0470073223
-0.0692803040,-0.0474706516
-0.0694722310,-0.0486366153
-0.0696634278,-0.0513964593
-0.0698555186,-0.0547373965
-0.0700523928,-0.0580209345
-0.0702605695,-0.0615397841
-0.0704885274,-0.0649644434
-0.0707448572,-0.0671392083
-0.0710356832,-0.0688214526
-0.0713636950,-0.0702925622
-0.0717289820,-0.0711465552
-0.0717289820,-0.0711465552
-0.0721300095,-0.0728888884
-0.0725638196,-0.0746055469
-0.0730263963,-0.0759123638
-0.0735132322,-0.0773280039
-0.0740191787,-0.0778773576
-0.0745380223,-0.0770551413
-0.0750621930,-0.0770188943
-0.0755829215,-0.0772138983
-0.0760908648,-0.0767476261
-0.0765772834,-0.0768286139
-0.0765772834,-0.0768286139
-0.0770346820,-0.0772758499
-0.0774566755,-0.0776596814
-0.0778380707,-0.0783764124
-0.0781752691,-0.0789059922
-0.0784665123,-0.0791377053
-0.0787119567,-0.0791589320
-0.0789133608,-0.0787632018
-0.0790734738,-0.0780725926
-0.0791960210,-0.0775526837
-0.0792852342,-0.0766871795
-0.0792852342,-0.0766871795
-0.0793450549,-0.0761031508
-0.0793789849,-0.0762176067
-0.0793899670,-0.0763261691
-0.0793806612,-0.0764377192
-0.0793542489,-0.0766032115
-0.0793143958,-0.0763501748
-0.0792648345,-0.0757169500
-0.0792096034,-0.0754686967
-0.0791530088,-0.0750116929
-0.0790989920,-0.0744878799
-0.0790989920,-0.0744878799
-0.0790510848,-0.0741696209
-0.0790123343,-0.0737794712
-0.0789849162,-0.0740787983
-0.0789700374,-0.0752461627
-0.0789681301,-0.0760628581
-0.0789789855,-0.0765087456
-0.0790020749,-0.0766373277
-0.0790371969,-0.0759903342
-0.0790847391,-0.0754594505
-0.0791450515,-0.0752203986
-0.0791450515,-0.0752203986
-0.0792178661,-0.0752540752
-0.0793022439,-0.0761846900
-0.0793967322,-0.0769422203
-0.0794995502,-0.0772371888
-0.0796087310,-0.0773223713
-0.0797221884,-0.0768069252
-0.0798378736,-0.0761366785
-0.0799539760,-0.0760474280
-0.0800695494,-0.0762511045
-0.0801846534,-0.0767094046
-0.0802998990,-0.0773097202
-0.0802998990,-0.0773097202
-0.0804161131,-0.0778863132
-0.0805342123,-0.0774224848
-0.0806551576,-0.0765390173
-0.0807796791,-0.0753318146
-0.0809079558,-0.0741399750
-0.0810395256,-0.0728004128
-0.0811734870,-0.0712816641
-0.0813086256,-0.0698185489
-0.0814435780,-0.0683666691
-0.0815770775,-0.0667755306
-0.0815770775,-0.0667755306
-0.0817085728,-0.0650236309
-0.0818384290,-0.0633884668
-0.0819674805,-0.0627049059
-0.0820970908,-0.0656015724
-0.0822294652,-0.0696735904
-0.0823669881,-0.0742011219
-0.0825111270,-0.0782069564
-0.0826621726,-0.0810481682
-0.0828193873,-0.0838904679
-0.0829803273,-0.0863710418
-0.0829803273,-0.0863710418
-0.0831400603,-0.0886769816
-0.0832917020,-0.0911492705
-0.0834272131,-0.0943997726
-0.0835375488,-0.0987364799
-0.0836131945,-0.1034936681
-0.0836453438,-0.1078431234
-0.0836267918,-0.1119327098
-0.0835513920,-0.1163734198
-0.0834123343,-0.1208909675
-0.0832018480,-0.1250220686
-0.0832018480,-0.1250220686
-0.0829130113,-0.1285722703
-0.0825407505,-0.1311130673
-0.0820818767,-0.1323523670
-0.0815353468,-0.1323727071
-0.0809023976,-0.1315622181
-0.0801854432,-0.1299239248
-0.0793861896,-0.1273406595
-0.0785047635,-0.1239711568
-0.0775396377,-0.1196485162
-0.0764878690,-0.1134420484
-0.0753466040,-0.1060373932
-0.0753466040,-0.1060373932
-0.0741152018,-0.0978752226
-0.0727958754,-0.0893508121
-0.0713938996,-0.0805458501
-0.0699179620,-0.0718792155
-0.0683800653,-0.0636952072
-0.0667951182,-0.0564197972
-0.0651804581,-0.0506005585
-0.0635551363,-0.0466696918
-0.0619390979,-0.0437797308
-0.0603524819,-0.0405420363
-0.0603524819,-0.0405420363
-0.0588150285,-0.0377915129
-0.0573457703,-0.0352034643
-0.0559629835,-0.0344088748
-0.0546841137,-0.0357797630
-0.0535249412,-0.0368551798
-0.0524976738,-0.0375261046
-0.0516096614,-0.0375349820
-0.0508635603,-0.0385651141
-0.0502580293,-0.0403062627
-0.0497883894,-0.0421469174
-0.0497883894,-0.0421469174
-0.0494472496,-0.0439166911
-0.0492251366,-0.0461424477
-0.0491110161,-0.0491071083
-0.0490926504,-0.0521721505
-0.0491566919,-0.0552986190
-0.0492890924,-0.0569062307
-0.0494756065,-0.0578216054
-0.0497022644,-0.0590995476
-0.0499555394,-0.0607445203
-0.0502223074,-0.0615184829
-0.0502223074,-0.0615184829
-0.0504900441,-0.0617429428
-0.0507471710,-0.0616224930
-0.0509833097,-0.0626378283
-0.0511896238,-0.0626032725
-0.0513592511,-0.0620662160
-0.0514871627,-0.0606886297
-0.0515698381,-0.0587476119
-0.0516055115,-0.0566194057
-0.0515944995,-0.0541481823
-0.0515389666,-0.0515460297
-0.0515389666,-0.0515460297
-0.0514424965,-0.0503191240
-0.0513096824,-0.0492858812
-0.0511458069,-0.0471442267
-0.0509565473,-0.0446980782
-0.0507476851,-0.0428689830
-0.0505251475,-0.0406521261
-0.0502954870,-0.0389825031
-0.0500664376,-0.0375701413
-0.0498462394,-0.0356864110
-0.0496424250,-0.0341210999
-0.0494614542,-0.0345048979
-0.0494614542,-0.0345048979
-0.0493090264,-0.0347266085
-0.0491903387,-0.0341124758
-0.0491104759,-0.0336463489
-0.0490746535,-0.0332343727
-0.0490880124,-0.0338698514
-0.0491550826,-0.0355314873
-0.0492788404,-0.0366778150
-0.0494598523,-0.0371771641
-0.0496967435,-0.0379913673
-0.0499873236,-0.0386703275
-0.0499873236,-0.0386703275
-0.0503287166,-0.0393240228
-0.0507167540,-0.0408278555
-0.0511461459,-0.0434252322
-0.0516112149,-0.0460749008
-0.0521065220,-0.0482276306
-0.0526272766,-0.0501392074
-0.0531690940,-0.0519311465
-0.0537270457,-0.0535439141
-0.0542952158,-0.0545357801
-0.0548669659,-0.0561292320
-0.0548669659,-0.0561292320
-0.0554355942,-0.0586424693
-0.0559951849,-0.0605600215
-0.0565410554,-0.0618208237
-0.0570692718,-0.0625972822
-0.0575761124,-0.0625264719
-0.0580578521,-0.0625140071
-0.0585104339,-0.0626075640
-0.0589294434,-0.0631008968
-0.0593108758,-0.0638763309
-0.0596518815,-0.0642996430
-0.0596518815,-0.0642996430
-0.0599508844,-0.0634736419
-0.0602072552,-0.0617151186
-0.0604206622,-0.0600553378
-0.0605907850,-0.0582699142
-0.0607178137,-0.0570496544
-0.0608030334,-0.0563933291
-0.0608488098,-0.0551117137
-0.0608583055,-0.0535337105
-0.0608354732,-0.0525254793
-0.0607849620,-0.0511005111
-0.0607849620,-0.0511005111
-0.0607116483,-0.0496595465
-0.0606204569,-0.0490718558
-0.0605167560,-0.0489039235
-0.0604068413,-0.0481354259
-0.0602976009,-0.0469141454
-0.0601953603,-0.0455216430
-0.0601051599,-0.0439301319
-0.0600312427,-0.0426483862
-0.0599776059,-0.0433372296
-0.0599480346,-0.0450590067
-0.0599459037,-0.0467272922
-0.0599459037,-0.0467272922
-0.0599740818,-0.0474752337
-0.0600348376,-0.0481613353
-0.0601299964,-0.0488434136
-0.0602614246,-0.0493030027
-0.0604312122,-0.0493312627
-0.0606408194,-0.0493454598
-0.0608899370,-0.0495251119
-0.0611762851,-0.0502834097
-0.0614964701,-0.0517173558
-0.0618467145,-0.0529744551
-0.0618467145,-0.0529744551
-0.0622226074,-0.0541431792
-0.0626190230,-0.0559426136
-0.0630308017,-0.0583836734
-0.0634533092,-0.0608976893
-0.0638820827,-0.0631847680
-0.0643125400,-0.0654339567
-0.0647405908,-0.0677210689
-0.0651632398,-0.0697454363
-0.0655784234,-0.0712859631
-0.0659843087,-0.0720938295
-0.0659843087,-0.0720938295
-0.0663787723,-0.0726229325
-0.0667594150,-0.0736422688
-0.0671237707,-0.0749989748
-0.0674691200,-0.0756974295
-0.0677917749,-0.0757971853
-0.0680872127,-0.0765053555
-0.0683513060,-0.0772662684
-0.0685812384,-0.0767481402
-0.0687755868,-0.0767331719
-0.0689339265,-0.0768971741
-0.0689339265,-0.0768971741
-0.0690561235,-0.0768378749
-0.0691420287,-0.0775311887
-0.0691919476,-0.0779138654
-0.0692072362,-0.0781738162
-0.0691902339,-0.0788190737
-0.0691440180,-0.0786146149
-0.0690721720,-0.0777085721
-0.0689787865,-0.0774274543
-0.0688686147,-0.0774729475
-0.0687469020,-0.0769244805
-0.0686191246,-0.0761190951
-0.0686191246,-0.0761190951
-0.0684905201,-0.0753033832
-0.0683655441,-0.0741611496
-0.0682477280,-0.0721880421
-0.0681397691,-0.0695624202
-0.0680435672,-0.0667575002
-0.0679603666,-0.0641142726
-0.0678910166,-0.0615530536
-0.0678365454,-0.0587446019
-0.0677984208,-0.0558409579
-0.0677779093,-0.0529459715
-0.0677779093,-0.0529459715
-0.0677755028,-0.0499092713
-0.0677908063,-0.0465066172
-0.0678229704,-0.0427798107
-0.0678713098,-0.0387967229
-0.0679356530,-0.0347969234
-0.0680157617,-0.0308347847
-0.0681107193,-0.0269306954
-0.0682189614,-0.0235221386
-0.0683386251,-0.0212713405
-0.0684682280,-0.0201400891
-0.0684682280,-0.0201400891
-0.0686069950,-0.0193142835
-0.0687546507,-0.0191529971
-0.0689118207,-0.0205622129
-0.0690806955,-0.0226841010
-0.0692650303,-0.0261012055
-0.0694700778,-0.0301102269
-0.0697024837,-0.0353524499
-0.0699695274,-0.0407357253
-0.0702781826,-0.0465705693
-0.0706347674,-0.0525406227
-0.0706347674,-0.0525406227
-0.0710446909,-0.0588662587
-0.0715114027,-0.0655493066
-0.0720356032,-0.0718797073
-0.0726157948,-0.0781373084
-0.0732485577,-0.0845245272
-0.0739280805,-0.0907015651
-0.0746459588,-0.0964534357
-0.0753915310,-0.1015938818
-0.0761528611,-0.1061346456
-0.0769176409,-0.1099052802
-0.0769176409,-0.1099052802
-0.0776732937,-0.1132784560
-0.0784064010,-0.1155231446
-0.0791030079,-0.1169503853
