0.0000,-322.5152
0.0000,-0.0076
0.0000,-0.0140
0.0000,-0.6264
0.0000,-0.0388
0.0000,-0.0580
0.0000,0.0572
-0.0000,-0.0103
-0.0002,0.0170
-0.0010,-0.0116
-0.0025,-0.0309
-0.0051,0.1408
-0.0088,0.1189
-0.0134,-0.0394
-0.0191,-0.0607
-0.0256,-0.0803
-0.0328,-0.1147
-0.0406,-0.1138
-0.0488,-0.1834
-0.0572,-0.1680
-0.0657,-0.1259
-0.0740,-0.1263
-0.0820,-0.1418
-0.0894,-0.1445
-0.0958,-0.1285
-0.1011,0.0289
-0.1049,0.0342
-0.1072,-0.1095
-0.1080,-0.2987
-0.1073,-0.2986
-0.1056,-0.1163
-0.1035,-0.1036
-0.1015,-0.2503
-0.1002,-0.2700
-0.1001,-0.1735
-0.1013,-0.1435
-0.1040,-0.1829
-0.1083,-0.2748
-0.1140,-0.2250
-0.1211,-0.2460
-0.1293,-0.2462
-0.1384,-0.2354
-0.1479,-0.2387
-0.1576,-0.2231
-0.1673,-0.2109
-0.1767,-0.2159
-0.1855,-0.2192
-0.1936,-0.2162
-0.2009,-0.1949
-0.2076,-0.4400
-0.2138,-0.2411
-0.2192,-0.2810
-0.2235,-0.2338
-0.2264,-0.2958
-0.2279,-0.5143
-0.2282,-0.4448
-0.2276,-0.3792
-0.2265,-0.4329
-0.2255,-0.4643
-0.2252,-0.4971
-0.2259,-0.4968
-0.2280,-0.4887
-0.2317,-0.5424
-0.2373,-0.5416
-0.2450,-0.5519
-0.2549,-0.5839
-0.2670,-0.6211
-0.2812,-0.6393
-0.2974,-0.6660
-0.3154,-0.6937
-0.3348,-0.7007
-0.3553,-0.7173
-0.3765,-0.6284
-0.3980,-0.2820
-0.4191,-0.2456
-0.4395,-0.1731
-0.4588,-0.1847
-0.4763,-0.1126
-0.4918,-0.0619
-0.5051,0.0057
-0.5160,-0.0435
-0.5246,-0.2103
-0.5308,-0.3175
-0.5345,-0.3125
-0.5356,-0.2910
-0.5341,-0.3295
-0.5305,-0.3555
-0.5248,-0.3352
-0.5176,-0.3498
-0.5091,-0.4212
-0.4997,-0.3562
-0.4898,-0.3246
-0.4797,-0.2781
-0.4701,-0.2591
-0.4611,-0.4023
-0.4533,-0.6397
-0.4470,-0.5817
-0.4427,-0.5171
-0.4405,-0.5005
-0.4404,-0.4686
-0.4420,-0.4429
-0.4447,-0.4380
-0.4475,-0.4338
-0.4498,-0.4102
-0.4509,-0.4717
-0.4500,-0.6473
-0.4468,-0.6290
-0.4412,-0.5649
-0.4332,-0.6635
-0.4237,-0.6715
-0.4134,-0.7293
-0.4036,-0.7626
-0.3950,-0.7286
-0.3884,-0.8197
-0.3843,-0.7562
-0.3832,-0.7946
-0.3854,-0.7527
-0.3911,-0.7910
-0.4005,-0.8027
-0.4135,-0.8000
-0.4299,-0.8311
-0.4494,-0.8294
-0.4714,-0.8245
-0.4956,-0.8248
-0.5214,-0.8164
-0.5485,-0.7505
-0.5764,-0.4383
-0.6042,-0.2325
-0.6311,-0.1771
-0.6561,-0.1413
-0.6782,-0.0916
-0.6970,-0.1640
-0.7120,-0.2910
-0.7233,-0.4235
-0.7310,-0.5267
-0.7354,-0.5952
-0.7365,-0.4583
-0.7345,-0.4928
-0.7297,-0.5538
-0.7224,-0.6358
-0.7129,-0.6259
-0.7018,-0.5875
-0.6897,-0.5979
-0.6774,-0.5586
-0.6657,-0.5313
-0.6553,-0.6362
-0.6468,-0.9064
-0.6406,-0.8934
-0.6367,-0.8176
-0.6353,-0.7380
-0.6364,-0.7495
-0.6396,-0.7769
-0.6445,-0.7091
-0.6501,-0.6131
-0.6557,-0.5133
-0.6605,-0.4299
-0.6639,-0.5121
-0.6651,-0.5927
-0.6634,-0.5753
-0.6586,-0.5646
-0.6510,-0.7111
-0.6415,-0.8018
-0.6308,-0.7259
-0.6198,-0.7653
-0.6092,-0.8124
-0.5995,-0.9557
-0.5910,-0.8751
-0.5842,-0.8777
-0.5795,-0.8701
-0.5773,-0.9297
-0.5777,-0.9046
-0.5812,-0.9230
-0.5879,-0.8948
-0.5978,-0.9141
-0.6107,-0.9059
-0.6265,-0.9429
-0.6446,-0.9552
-0.6646,-0.9546
-0.6862,-0.9512
-0.7090,-0.9763
-0.7326,-0.9917
-0.7566,-0.9940
-0.7806,-0.9809
-0.8042,-0.9337
-0.8271,-0.8880
-0.8491,-0.8200
-0.8698,-0.6562
-0.8887,-0.3490
-0.9054,-0.2310
-0.9193,-0.3271
-0.9300,-0.4428
-0.9371,-0.5012
-0.9409,-0.5033
-0.9419,-0.4951
-0.9406,-0.5141
-0.9371,-0.5641
-0.9315,-0.5749
-0.9236,-0.5450
-0.9130,-0.5722
-0.8998,-0.6152
-0.8839,-0.5997
-0.8656,-0.5978
-0.8451,-0.6171
-0.8230,-0.7372
-0.8000,-0.8090
-0.7767,-0.7915
-0.7538,-0.8623
-0.7320,-0.8428
-0.7118,-0.7095
-0.6933,-0.6388
-0.6766,-0.5072
-0.6612,-0.3714
-0.6472,-0.4189
-0.6340,-0.4300
-0.6215,-0.4591
-0.6092,-0.4696
-0.5968,-0.4568
-0.5844,-0.4589
-0.5721,-0.4900
-0.5601,-0.4946
-0.5486,-0.4808
-0.5381,-0.5059
-0.5285,-0.5195
-0.5201,-0.5282
-0.5129,-0.4753
-0.5069,-0.5047
-0.5022,-0.5559
-0.4987,-0.5620
-0.4963,-0.5372
-0.4950,-0.5053
-0.4945,-0.5072
-0.4949,-0.5504
-0.4960,-0.5497
-0.4978,-0.5152
-0.4999,-0.4653
-0.5025,-0.4307
-0.5053,-0.4497
-0.5083,-0.4245
-0.5113,-0.3685
-0.5144,-0.3253
-0.5173,-0.2562
-0.5200,-0.2366
-0.5221,-0.2720
-0.5233,-0.2239
-0.5232,-0.1777
-0.5215,-0.1299
-0.5178,-0.0673
-0.5120,0.0159
-0.5039,0.0610
-0.4933,0.0396
-0.4801,-0.0032
-0.4639,-0.0405
-0.4448,-0.0357
-0.4229,-0.0033
-0.3983,0.0109
-0.3715,0.0008
-0.3429,-0.0173
-0.3130,-0.0173
-0.2824,-0.0041
-0.2515,-0.0037
-0.2208,-0.0122
-0.1909,-0.0174
-0.1620,-0.0122
-0.1345,-0.0088
-0.1088,-0.0083
-0.0850,-0.0099
-0.0633,-0.0120
-0.0437,-0.0083
-0.0265,-0.0062
-0.0115,-0.0099
0.0013,-0.0132
0.0119,-0.0062
0.0205,-0.0050
0.0272,-0.0071
0.0321,-0.0092
0.0355,0.0051
0.0374,0.0270
0.0381,0.0312
0.0377,0.0227
0.0364,0.0197
0.0345,0.0267
0.0320,0.0397
0.0290,0.0505
0.0258,-0.1169
0.0222,-0.2682
0.0182,-0.1831
0.0136,-0.0297
0.0083,-0.1416
0.0026,-0.1830
-0.0033,-0.1011
-0.0095,-0.2014
-0.0158,-0.1575
-0.0222,-0.1316
-0.0287,-0.1518
-0.0353,-0.1874
-0.0421,-0.1389
-0.0490,-0.1779
-0.0561,-0.2004
-0.0637,-0.2458
-0.0720,-0.1985
-0.0810,-0.1934
-0.0907,-0.1957
-0.1010,-0.2909
-0.1117,-0.2994
-0.1227,-0.2963
-0.1340,-0.3027
-0.1455,-0.3417
-0.1571,-0.2846
-0.1684,-0.3452
-0.1793,-0.3525
-0.1897,-0.3719
-0.1994,-0.4055
-0.2085,-0.3844
-0.2171,-0.4477
-0.2255,-0.3387
-0.2340,-0.2590
-0.2426,-0.2856
-0.2516,-0.2442
-0.2610,-0.2568
-0.2707,-0.2079
-0.2806,-0.1712
-0.2902,-0.1955
-0.2992,-0.1176
-0.3073,-0.0804
-0.3142,-0.0472
-0.3197,-0.0009
-0.3235,0.0007
-0.3250,0.0249
-0.3239,0.0226
-0.3199,-0.0050
-0.3129,-0.0200
-0.3029,-0.0312
-0.2901,-0.0422
-0.2749,-0.0315
-0.2575,0.0040
-0.2385,0.0115
-0.2182,0.0103
-0.1971,0.0002
-0.1756,-0.0161
-0.1541,-0.0242
-0.1330,-0.0156
-0.1126,-0.0081
-0.0931,-0.0065
-0.0748,-0.0092
-0.0578,-0.0102
-0.0423,-0.0085
-0.0284,-0.0026
-0.0162,-0.0059
-0.0055,-0.0302
0.0035,-0.0268
0.0110,-0.0544
0.0170,-0.0927
0.0217,-0.1317
0.0251,-0.1801
0.0273,-0.2460
0.0283,-0.2277
0.0280,-0.1712
0.0263,-0.2222
0.0230,-0.2625
0.0181,-0.1606
0.0116,-0.1506
0.0035,-0.1959
-0.0059,-0.1975
-0.0164,-0.2614
-0.0280,-0.1921
-0.0405,-0.2049
-0.0536,-0.2660
-0.0670,-0.3461
-0.0803,-0.2927
-0.0935,-0.2482
-0.1064,-0.2575
-0.1192,-0.3660
-0.1319,-0.4496
-0.1443,-0.3740
-0.1568,-0.3207
-0.1693,-0.3755
-0.1821,-0.4073
-0.1953,-0.3520
-0.2090,-0.3445
-0.2232,-0.3642
-0.2375,-0.3426
-0.2520,-0.3546
-0.2662,-0.3347
-0.2800,-0.2669
-0.2932,-0.2590
-0.3060,-0.2970
-0.3181,-0.2532
-0.3294,-0.1970
-0.3395,-0.1548
-0.3482,-0.0972
-0.3552,-0.0458
-0.3601,-0.0091
-0.3627,0.0161
-0.3623,0.0100
-0.3586,-0.0050
-0.3515,-0.0307
-0.3410,-0.0460
-0.3273,-0.0504
-0.3107,-0.0398
-0.2917,-0.0462
-0.2707,-0.0525
-0.2484,-0.0886
-0.2253,-0.1815
-0.2021,-0.3012
-0.1797,-0.3395
-0.1588,-0.2722
-0.1404,-0.3105
-0.1251,-0.2741
-0.1135,-0.2966
-0.1061,-0.3036
-0.1030,-0.2847
-0.1039,-0.3074
-0.1084,-0.2959
-0.1162,-0.2951
-0.1267,-0.3013
-0.1396,-0.2378
-0.1542,-0.2046
-0.1699,-0.1208
-0.1860,-0.0081
-0.2019,0.0069
-0.2167,0.0135
-0.2297,0.0194
-0.2399,0.0075
-0.2470,-0.0373
-0.2507,0.0144
-0.2509,0.0095
-0.2477,-0.0097
-0.2413,-0.0520
-0.2321,-0.1573
-0.2204,-0.2438
-0.2066,-0.2687
-0.1912,-0.2504
-0.1748,-0.2420
-0.1579,-0.2708
-0.1414,-0.3273
-0.1259,-0.3467
-0.1120,-0.2664
-0.1001,-0.2696
-0.0906,-0.3354
-0.0838,-0.3627
-0.0799,-0.2569
-0.0788,-0.3217
-0.0806,-0.3906
-0.0850,-0.3797
-0.0921,-0.2777
-0.1018,-0.3127
-0.1138,-0.3833
-0.1278,-0.4190
-0.1436,-0.4489
-0.1609,-0.2884
-0.1794,-0.2848
-0.1988,-0.3479
-0.2186,-0.3327
-0.2386,-0.3703
-0.2585,-0.3804
-0.2777,-0.3170
-0.2958,-0.2778
-0.3124,-0.2981
-0.3274,-0.2633
-0.3408,-0.2511
-0.3526,-0.2917
-0.3625,-0.2764
-0.3704,-0.2386
-0.3761,-0.1955
-0.3797,-0.1488
-0.3811,-0.1930
-0.3806,-0.2023
-0.3782,-0.2133
-0.3742,-0.1312
-0.3687,-0.1065
-0.3618,-0.2673
-0.3536,-0.2496
-0.3442,-0.2579
-0.3337,-0.2190
-0.3224,-0.1012
-0.3103,-0.1840
-0.2977,-0.3146
-0.2846,-0.3128
-0.2714,-0.2700
-0.2585,-0.2706
-0.2463,-0.3725
-0.2352,-0.2888
-0.2254,-0.3646
-0.2172,-0.4503
-0.2106,-0.3985
-0.2057,-0.4383
-0.2027,-0.4469
-0.2018,-0.4879
-0.2031,-0.5265
-0.2067,-0.5234
-0.2127,-0.5567
-0.2212,-0.5735
-0.2321,-0.6208
-0.2454,-0.6125
-0.2608,-0.6506
-0.2781,-0.6143
-0.2970,-0.6134
-0.3174,-0.6036
-0.3393,-0.5007
-0.3621,-0.5509
-0.3855,-0.5552
-0.4090,-0.5649
-0.4319,-0.6765
-0.4542,-0.6844
-0.4757,-0.6246
-0.4962,-0.6101
-0.5157,-0.6507
-0.5340,-0.6561
-0.5508,-0.6097
-0.5659,-0.6433
-0.5790,-0.6787
-0.5903,-0.6396
-0.5997,-0.5795
-0.6076,-0.5630
-0.6144,-0.5690
-0.6201,-0.5638
-0.6250,-0.4952
-0.6293,-0.4477
-0.6330,-0.4534
-0.6363,-0.4501
-0.6390,-0.4310
-0.6410,-0.3756
-0.6421,-0.3467
-0.6419,-0.3245
-0.6402,-0.3206
-0.6366,-0.3264
-0.6310,-0.2621
-0.6234,-0.2110
-0.6138,-0.2590
-0.6024,-0.2669
-0.5891,-0.2204
-0.5739,-0.1569
-0.5569,-0.1121
-0.5383,-0.2178
-0.5185,-0.2093
-0.4976,-0.1679
-0.4761,-0.0763
-0.4541,-0.0054
-0.4317,-0.0948
-0.4091,-0.1205
-0.3861,-0.1543
-0.3631,-0.1676
-0.3402,-0.1741
-0.3177,-0.1597
-0.2956,-0.0997
-0.2743,-0.0114
-0.2540,0.0560
-0.2347,0.0209
-0.2167,-0.0308
-0.2001,-0.0254
-0.1847,-0.0021
-0.1705,0.0054
-0.1571,-0.0100
-0.1443,-0.0056
-0.1320,0.0138
-0.1201,0.0073
-0.1087,-0.0005
-0.0976,0.0069
-0.0869,0.0030
-0.0767,-0.0358
-0.0670,-0.0807
-0.0578,-0.1276
-0.0491,-0.1847
-0.0411,-0.2368
-0.0339,-0.2323
-0.0277,-0.1762
-0.0229,-0.1710
-0.0196,-0.2130
-0.0180,-0.2545
-0.0180,-0.2831
-0.0197,-0.2357
-0.0229,-0.1962
-0.0279,-0.2439
-0.0347,-0.2978
-0.0433,-0.2450
-0.0537,-0.1999
-0.0656,-0.2695
-0.0788,-0.3309
-0.0931,-0.2820
-0.1081,-0.2408
-0.1236,-0.3280
-0.1392,-0.3251
-0.1548,-0.2735
-0.1701,-0.2940
-0.1848,-0.3669
-0.1988,-0.3266
-0.2120,-0.3067
-0.2242,-0.4086
-0.2354,-0.3706
-0.2458,-0.3740
-0.2554,-0.4242
-0.2645,-0.3889
-0.2732,-0.4203
-0.2818,-0.4243
-0.2902,-0.4319
-0.2986,-0.4616
-0.3069,-0.4459
-0.3152,-0.4870
-0.3233,-0.4665
-0.3313,-0.4981
-0.3391,-0.5069
-0.3467,-0.4991
-0.3541,-0.5131
-0.3614,-0.5562
-0.3691,-0.5380
-0.3772,-0.5528
-0.3857,-0.5291
-0.3948,-0.5903
-0.4043,-0.5951
-0.4142,-0.6137
-0.4244,-0.5722
-0.4347,-0.6152
-0.4452,-0.6463
-0.4559,-0.6552
-0.4671,-0.6367
-0.4788,-0.6673
-0.4911,-0.6868
-0.5038,-0.6881
-0.5169,-0.6605
-0.5302,-0.6681
-0.5435,-0.6804
-0.5568,-0.6466
-0.5698,-0.6447
-0.5825,-0.6976
-0.5946,-0.6562
-0.6061,-0.6360
-0.6168,-0.6638
-0.6267,-0.6531
-0.6358,-0.6516
-0.6439,-0.6067
-0.6511,-0.6247
-0.6574,-0.6166
-0.6628,-0.6134
-0.6673,-0.5797
-0.6710,-0.5746
-0.6739,-0.5495
-0.6761,-0.5674
-0.6776,-0.5112
-0.6784,-0.5086
-0.6783,-0.4941
-0.6770,-0.5080
-0.6745,-0.4768
-0.6707,-0.4635
-0.6656,-0.4253
-0.6594,-0.4204
-0.6522,-0.4274
-0.6441,-0.3543
-0.6354,-0.3598
-0.6260,-0.3414
-0.6159,-0.2899
-0.6050,-0.3383
-0.5933,-0.3087
-0.5808,-0.2505
-0.5677,-0.2654
-0.5540,-0.2735
-0.5399,-0.2227
-0.5251,-0.1989
-0.5097,-0.2396
-0.4937,-0.2532
-0.4771,-0.1925
-0.4600,-0.1313
-0.4427,-0.1198
-0.4252,-0.1647
-0.4079,-0.1944
-0.3908,-0.1879
-0.3741,-0.1234
-0.3577,-0.0401
-0.3414,-0.0128
-0.3252,-0.0257
-0.3090,-0.0682
-0.2930,-0.0982
-0.2772,-0.0904
-0.2617,-0.0815
-0.2466,-0.1076
-0.2321,-0.1450
-0.2183,-0.1752
-0.2052,-0.1675
-0.1929,-0.0823
-0.1816,-0.0101
-0.1712,0.0023
-0.1619,-0.0036
-0.1535,0.0080
-0.1462,-0.0004
-0.1396,-0.0020
-0.1337,-0.0105
-0.1279,-0.0196
-0.1222,-0.0330
-0.1162,-0.0516
-0.1099,-0.0772
-0.1034,-0.1338
-0.0965,-0.1865
-0.0893,-0.2594
-0.0820,-0.2816
-0.0747,-0.2346
-0.0678,-0.2492
-0.0617,-0.3209
-0.0567,-0.3593
-0.0534,-0.2739
-0.0521,-0.3138
-0.0530,-0.3991
-0.0562,-0.3121
-0.0617,-0.3480
-0.0694,-0.4148
-0.0794,-0.3347
-0.0914,-0.2795
-0.1056,-0.3790
-0.1216,-0.3379
-0.1393,-0.3570
-0.1584,-0.3048
-0.1784,-0.2542
-0.1987,-0.2381
-0.2188,-0.2338
-0.2380,-0.3215
-0.2560,-0.3705
-0.2724,-0.4180
-0.2869,-0.4582
-0.2994,-0.3847
-0.3099,-0.3645
-0.3187,-0.4101
-0.3262,-0.3823
-0.3327,-0.4359
-0.3383,-0.3946
-0.3433,-0.3436
-0.3479,-0.4026
-0.3521,-0.3723
-0.3560,-0.3407
-0.3597,-0.3454
-0.3632,-0.3380
-0.3666,-0.3052
-0.3698,-0.3709
-0.3729,-0.3369
-0.3758,-0.3301
-0.3786,-0.2607
-0.3813,-0.3297
-0.3837,-0.2883
-0.3859,-0.2991
-0.3876,-0.3776
-0.3887,-0.3181
-0.3890,-0.2562
-0.3884,-0.3166
-0.3866,-0.3274
-0.3837,-0.3082
-0.3799,-0.3427
-0.3753,-0.3723
-0.3701,-0.3374
-0.3643,-0.2897
-0.3580,-0.3757
-0.3514,-0.3301
-0.3445,-0.3682
-0.3379,-0.4111
-0.3319,-0.3722
-0.3267,-0.3860
-0.3227,-0.3752
-0.3199,-0.3976
-0.3184,-0.4076
-0.3181,-0.3572
-0.3190,-0.4004
-0.3211,-0.4056
-0.3241,-0.3603
-0.3280,-0.4029
-0.3325,-0.3726
-0.3376,-0.3573
-0.3431,-0.4015
-0.3489,-0.3372
-0.3547,-0.3615
-0.3606,-0.4072
-0.3663,-0.3265
-0.3719,-0.2795
-0.3771,-0.3242
-0.3820,-0.2668
-0.3865,-0.2819
-0.3906,-0.3770
-0.3941,-0.3003
-0.3971,-0.2702
-0.3992,-0.2269
-0.4002,-0.3270
-0.3999,-0.2704
-0.3985,-0.2773
-0.3958,-0.3918
-0.3919,-0.3184
-0.3872,-0.2892
-0.3817,-0.3158
-0.3757,-0.3155
-0.3694,-0.3093
-0.3629,-0.3182
-0.3565,-0.3974
-0.3503,-0.3503
-0.3445,-0.3910
-0.3392,-0.3990
-0.3344,-0.3699
-0.3304,-0.4380
-0.3272,-0.4128
-0.3250,-0.4314
-0.3239,-0.4883
-0.3239,-0.4664
-0.3249,-0.5526
-0.3269,-0.5074
-0.3298,-0.5859
-0.3336,-0.6148
-0.3384,-0.6588
-0.3443,-0.5978
-0.3516,-0.5803
-0.3600,-0.6367
-0.3695,-0.6216
-0.3801,-0.6280
-0.3915,-0.7482
-0.4040,-0.7356
-0.4175,-0.6518
-0.4321,-0.6706
-0.4477,-0.7308
-0.4641,-0.8351
-0.4813,-0.8135
-0.4989,-0.7032
-0.5167,-0.7417
-0.5345,-0.7521
-0.5519,-0.8641
-0.5688,-0.8645
-0.5854,-0.8676
-0.6017,-0.8023
-0.6178,-0.8073
-0.6337,-0.9136
-0.6496,-0.9263
-0.6655,-0.9854
-0.6817,-1.0391
-0.6982,-0.8501
-0.7151,-0.9567
-0.7324,-0.9534
-0.7498,-1.0567
-0.7672,-1.0548
-0.7845,-1.1329
-0.8017,-1.2205
-0.8188,-1.2683
-0.8359,-1.1321
-0.8531,-1.0283
-0.8704,-1.0876
-0.8876,-1.1203
-0.9048,-1.1113
-0.9218,-1.1984
-0.9389,-1.2367
-0.9561,-1.2930
-0.9736,-1.1886
-0.9912,-1.1773
-1.0091,627.0776
-1.0274,-1.3273
-1.0462,-1.4033
-1.0656,-1.3605
-1.0855,-1.4298
-1.1058,-1.3569
-1.1264,-1.2875
-1.1475,-1.4289
-1.1689,-1.4951
-1.1908,-1.4584
-1.2129,-1.4287
-1.2350,-1.5057
-1.2567,-1.5245
-1.2780,-1.5975
-1.2987,-1.6124
-1.3188,-1.5530
-1.3385,-1.6562
-1.3580,-1.7393
-1.3772,-1.6393
-1.3962,-1.6443
-1.4149,-1.8205
-1.4335,-1.7318
-1.4520,-1.7802
-1.4708,-1.8077
-1.4902,-1.7960
-1.5105,-1.8711
-1.5317,-1.8639
-1.5538,-1.9507
-1.5767,-1.9318
-1.6000,-1.9098
-1.6235,-1.8498
-1.6471,-1.5891
-1.6706,-1.5262
-1.6940,-1.3933
-1.7173,-1.3821
-1.7405,-1.3937
-1.7633,-1.3700
-1.7853,-1.4342
-1.8063,-1.3785
-1.8258,-1.4670
-1.8435,-1.6352
-1.8589,-1.7583
-1.8718,-1.7349
-1.8820,-1.6759
-1.8897,-1.6487
-1.8950,-1.6726
-1.8979,-1.7070
-1.8985,-1.6284
-1.8971,-1.6760
-1.8937,-1.8102
-1.8888,-1.7692
-1.8824,-1.7549
-1.8751,-1.8007
-1.8674,-1.8099
-1.8596,-1.7334
-1.8521,-1.7071
-1.8451,-1.7177
-1.8389,-1.7211
-1.8335,-1.6907
-1.8290,-1.6801
-1.8253,-1.6332
-1.8224,-1.7312
-1.8204,-1.6694
-1.8191,-1.7047
-1.8183,-1.6131
-1.8177,-1.6628
-1.8171,-1.6063
-1.8160,-1.6421
-1.8145,-1.6359
-1.8124,-1.6043
-1.8097,-1.7052
-1.8064,-1.6919
-1.8025,-1.7049
-1.7981,-1.7369
-1.7933,-1.7609
-1.7881,-1.7945
-1.7828,-1.7952
-1.7772,-1.8435
-1.7715,-1.8289
-1.7656,-1.7392
-1.7596,-1.6189
-1.7534,-1.4500
-1.7468,-1.3575
-1.7394,-1.2416
-1.7309,-1.1024
-1.7214,-1.0880
-1.7107,-0.8824
-1.6991,-0.8482
-1.6866,-0.7197
-1.6732,-0.7280
-1.6589,-0.8225
-1.6437,-0.8640
-1.6272,-1.0427
-1.6091,-1.0076
-1.5895,-0.9090
-1.5681,-0.9251
-1.5448,-0.9400
-1.5193,-0.9872
-1.4915,-1.0002
-1.4612,-0.9543
-1.4288,-0.9767
-1.3948,-1.0152
-1.3598,-1.0465
-1.3246,-1.0638
-1.2898,-1.0410
-1.2560,-1.1423
-1.2235,-1.1007
-1.1929,-1.1316
-1.1643,-1.1579
-1.1378,-1.1320
-1.1136,-1.1992
-1.0919,-1.1531
-1.0727,-1.1872
-1.0562,-1.1709
-1.0424,-1.2117
-1.0312,-1.1211
-1.0227,-1.0749
-1.0165,-0.9802
-1.0121,-0.8803
-1.0087,-0.7380
-1.0059,-0.6909
-1.0031,-0.8020
-1.0001,-0.7992
-0.9966,-0.7940
-0.9922,-0.8909
-0.9868,-0.8761
-0.9803,-0.8147
-0.9728,-0.9231
-0.9645,-0.8890
-0.9559,-0.9786
-0.9473,-1.0938
-0.9392,-1.1219
-0.9321,-1.2102
-0.9264,-1.1798
-0.9223,-1.2245
-0.9202,-1.1419
-0.9200,-1.0621
-0.9217,-0.9708
-0.9254,-1.0058
-0.9311,-1.0306
-0.9389,-0.9541
-0.9486,-0.9337
-0.9599,-0.9229
-0.9722,-0.9817
-0.9851,-0.8787
-0.9981,-0.9313
-1.0110,-0.9685
-1.0235,-1.0105
-1.0350,-0.9850
-1.0454,-1.0097
-1.0542,-0.9824
-1.0616,-1.0458
-1.0676,-0.9519
-1.0722,-0.9643
-1.0757,-0.8508
-1.0782,-0.9139
-1.0798,-0.8739
-1.0806,-0.8795
-1.0809,-0.8936
-1.0809,-0.8084
-1.0808,-0.8898
-1.0805,-0.8532
-1.0799,-0.8389
-1.0787,-0.8385
-1.0767,-0.7995
-1.0737,-0.7270
-1.0695,-0.7716
-1.0637,-0.7096
-1.0562,-0.6614
-1.0469,-0.7145
-1.0358,-0.6874
-1.0231,-0.6213
-1.0090,-0.6555
-0.9936,-0.6603
-0.9773,-0.6399
-0.9599,-0.6584
-0.9415,-0.6585
-0.9223,-0.7388
-0.9023,-0.6951
-0.8818,-0.7208
-0.8611,-0.8457
-0.8405,-0.7856
-0.8205,-0.8243
-0.8012,-0.7517
-0.7828,-0.6085
-0.7655,-0.4913
-0.7491,-0.5626
-0.7335,-0.5148
-0.7185,-0.4682
-0.7040,-0.4674
-0.6902,-0.3875
-0.6771,-0.4292
-0.6650,-0.3888
-0.6539,-0.4071
-0.6435,-0.4181
-0.6339,-0.4092
-0.6247,-0.4798
-0.6155,-0.4529
-0.6062,-0.4338
-0.5969,-0.4725
-0.5878,-0.4313
-0.5793,-0.3683
-0.5717,-0.3987
-0.5653,-0.3347
-0.5601,-0.2652
-0.5562,-0.2973
-0.5538,-0.3175
-0.5527,-0.3841
-0.5528,-0.3634
-0.5536,-0.4445
-0.5548,-0.3681
-0.5558,-0.3114
-0.5566,-0.3618
-0.5569,-0.2544
-0.5565,-0.3151
-0.5550,-0.3394
-0.5523,-0.2392
-0.5483,-0.2153
-0.5430,-0.2657
-0.5365,-0.2308
-0.5288,-0.1457
-0.5199,-0.1491
-0.5097,-0.1625
-0.4982,-0.0610
-0.4855,0.0289
-0.4714,0.0208
-0.4560,0.1068
-0.4392,0.2233
-0.4208,0.2487
-0.4007,0.2418
-0.3785,0.3375
-0.3543,0.2975
-0.3278,0.3050
-0.2993,0.3498
-0.2689,0.4152
-0.2371,0.4279
-0.2038,0.4405
-0.1691,0.4382
-0.1332,0.5074
-0.0959,0.5228
-0.0576,0.5385
-0.0185,0.6171
0.0213,0.5551
0.0615,0.6099
0.1017,0.6469
0.1417,0.6577
0.1813,0.7046
0.2203,0.5725
0.2586,0.6344
0.2961,0.5432
0.3329,0.4972
0.3688,0.4790
0.4039,0.4530
0.4381,0.4708
0.4712,0.4653
0.5028,0.5545
0.5327,0.6411
0.5609,0.6908
0.5875,0.6358
0.6124,0.6572
0.6354,0.7094
0.6563,0.7714
0.6749,0.7440
0.6911,0.6827
0.7047,0.7352
0.7157,0.7548
0.7242,0.7142
0.7304,0.5924
0.7344,0.7119
0.7364,0.7290
0.7367,0.6548
0.7355,0.5974
0.7335,0.6047
0.7311,0.6199
0.7287,0.5170
0.7265,0.4312
0.7244,0.5231
0.7224,0.4658
0.7203,0.4227
0.7181,0.4083
0.7156,0.4039
0.7130,0.3599
0.7100,0.3439
0.7068,0.3773
0.7030,0.4312
0.6983,0.4560
0.6928,0.3732
0.6862,0.4457
0.6787,0.4319
0.6702,0.4124
0.6610,0.3704
0.6511,0.4239
0.6409,0.4600
0.6303,0.4265
0.6194,0.3602
0.6084,0.4270
0.5970,0.4805
0.5853,0.4030
0.5733,0.3516
0.5613,0.3466
0.5494,0.2841
0.5379,0.3455
0.5266,0.3002
0.5157,0.2251
0.5052,0.2287
0.4952,0.1719
0.4856,0.1364
0.4762,0.1744
0.4669,0.1837
0.4577,0.0720
0.4484,0.1074
0.4389,0.0598
0.4290,0.1024
0.4185,0.0722
0.4072,0.0727
0.3949,0.0940
0.3815,0.0779
0.3670,0.1089
0.3515,0.1134
0.3352,0.1307
0.3183,0.0587
0.3008,0.0643
0.2831,0.0389
0.2654,0.0904
0.2479,0.1054
0.2308,0.0452
0.2142,0.0527
0.1981,0.1092
0.1824,0.1226
0.1672,0.0983
0.1525,0.0091
0.1385,0.0399
0.1256,0.0375
0.1141,0.0620
0.1039,0.0141
0.0952,0.0572
0.0880,0.0279
0.0823,0.0587
0.0779,0.0095
0.0748,0.0310
0.0729,0.0351
0.0717,0.0351
0.0710,0.0000
0.0704,0.0180
0.0696,0.0299
0.0686,0.0679
0.0671,0.0445
0.0652,0.0264
0.0628,0.0389
0.0600,0.0239
0.0569,0.0293
0.0537,0.0328
0.0506,0.0355
0.0476,0.0190
0.0448,-0.0207
0.0419,0.0017
0.0390,0.0420
0.0362,-0.0496
0.0333,-0.0925
0.0306,0.0299
0.0283,0.0411
0.0265,-0.0814
0.0253,-0.1526
0.0245,-0.1408
0.0239,-0.0721
0.0233,-0.0515
0.0224,-0.0729
0.0212,-0.0794
0.0197,-0.0715
0.0178,-0.0659
0.0154,-0.0609
0.0122,-0.0513
0.0081,-0.0284
0.0030,0.0069
-0.0029,0.0101
-0.0093,-0.0122
-0.0160,-0.0394
-0.0226,-0.0569
-0.0288,-0.0619
-0.0342,-0.1008
-0.0389,-0.1581
-0.0427,-0.2069
-0.0455,-0.1724
-0.0475,-0.0797
-0.0489,-0.0347
-0.0502,-0.0370
-0.0515,-0.0263
-0.0530,-0.0083
-0.0546,-0.0027
-0.0564,0.0484
-0.0585,0.0464
-0.0608,0.0042
-0.0631,0.0156
-0.0652,0.0085
-0.0667,0.0071
-0.0675,0.0460
-0.0675,0.0630
-0.0664,0.0295
-0.0641,-0.0159
-0.0602,0.0041
-0.0548,0.0144
-0.0480,0.0497
-0.0400,0.0142
-0.0313,0.0839
-0.0222,0.1077
-0.0133,0.0122
-0.0046,0.0272
0.0034,0.0123
0.0107,0.0746
0.0172,0.0314
0.0232,0.0143
0.0288,-0.0036
0.0344,0.0196
0.0400,0.0156
0.0454,0.0119
0.0507,0.0671
0.0553,0.0796
0.0592,0.0679
0.0621,0.0401
0.0641,0.0554
0.0650,0.0436
0.0649,-0.0065
0.0639,-0.0024
0.0620,0.0445
0.0594,0.0382
0.0563,-0.0047
0.0531,-0.0045
0.0501,-0.0178
0.0478,-0.0473
0.0461,-0.0530
0.0450,0.0006
0.0441,0.0243
0.0434,0.0280
0.0426,-0.0173
0.0416,-0.0490
0.0399,-0.1032
0.0373,-0.0979
0.0336,-0.0662
0.0288,-0.0622
0.0232,-0.0344
0.0171,-0.0707
0.0108,-0.0786
0.0045,-0.0219
-0.0020,0.0192
-0.0086,-0.0165
-0.0154,-0.0379
-0.0223,-0.0591
-0.0289,-0.0545
-0.0350,0.0171
-0.0403,0.0163
-0.0448,0.0383
-0.0483,0.0480
-0.0508,0.0646
-0.0523,0.1198
-0.0528,0.0874
-0.0522,0.1261
-0.0505,0.0335
-0.0475,0.1137
-0.0432,0.0416
-0.0375,0.0648
-0.0304,0.0987
-0.0220,0.1161
-0.0126,0.1410
-0.0024,0.1705
0.0081,0.1748
0.0186,0.1961
0.0286,0.1499
0.0379,0.1105
0.0463,0.0772
0.0540,0.1128
0.0610,0.0578
0.0676,0.0523
0.0738,0.1083
0.0800,0.1740
0.0864,0.1508
0.0933,0.0363
0.1007,0.0880
0.1083,0.0879
0.1160,0.0909
0.1234,0.0390
0.1304,0.1294
0.1368,0.1874
0.1424,0.1189
0.1473,0.0465
0.1514,0.0137
0.1546,0.0399
0.1570,0.0065
0.1587,-0.0353
0.1595,0.0624
0.1593,0.0647
0.1582,0.0519
0.1560,-0.0367
0.1527,-0.0203
0.1484,0.0017
0.1433,-0.0656
0.1374,-0.0551
0.1309,-0.0293
0.1239,0.0620
0.1163,-0.0386
0.1081,-0.0853
0.0991,-0.1193
0.0893,-0.0741
0.0788,-0.1583
0.0675,-0.1764
0.0557,-0.1070
0.0435,-0.0780
0.0309,-0.0634
0.0182,-0.1539
0.0053,-0.1289
-0.0076,-0.0972
-0.0204,-0.1392
-0.0330,-0.2228
-0.0453,-0.0731
-0.0572,-0.0221
-0.0685,-0.0560
-0.0791,-0.0954
-0.0890,-0.1247
-0.0982,-0.1583
-0.1065,-0.1570
-0.1139,-0.2739
-0.1205,-0.1550
-0.1262,-0.1851
-0.1310,-0.1365
-0.1351,-0.1575
-0.1384,-0.1790
-0.1411,-0.1878
-0.1430,-0.1815
-0.1444,-0.1628
-0.1452,-0.1456
-0.1456,-0.1510
-0.1456,-0.0592
-0.1453,-0.0189
-0.1447,0.0057
-0.1441,-0.0317
-0.1436,0.0313
-0.1434,0.0217
-0.1437,0.0642
-0.1446,0.0200
-0.1462,0.0756
-0.1482,0.0866
-0.1504,0.0792
-0.1527,0.0315
-0.1547,0.0361
-0.1566,0.0318
-0.1580,-0.0166
-0.1591,0.0628
-0.1596,0.0507
-0.1592,0.1132
-0.1577,0.1020
-0.1548,0.1517
-0.1502,0.1328
-0.1437,0.1259
-0.1356,0.1636
-0.1260,0.1227
-0.1154,0.1592
-0.1041,0.1675
-0.0921,0.1072
-0.0797,0.1334
-0.0667,0.1674
-0.0531,0.2209
-0.0389,0.2445
-0.0241,0.3131
-0.0088,0.3042
0.0067,0.2174
0.0221,0.2656
0.0373,0.3557
0.0519,0.3697
0.0661,0.3729
0.0798,0.3688
0.0931,0.3099
0.1064,0.3526
0.1197,0.3057
0.1332,0.3635
0.1472,0.4026
0.1619,0.3967
0.1772,0.4864
0.1931,0.4423
0.2095,0.4184
0.2263,0.4620
0.2432,0.4240
0.2604,0.4736
0.2777,0.5087
0.2949,0.4901
0.3117,0.4598
0.3278,0.4955
0.3430,0.4905
0.3572,0.4591
0.3707,0.5205
0.3835,0.5692
0.3957,0.5886
0.4076,0.5146
0.4192,0.5615
0.4305,0.5926
0.4417,0.6119
0.4530,0.5470
0.4644,0.5163
0.4761,0.5745
0.4883,0.6085
0.5014,0.6547
0.5154,0.6995
0.5305,0.7481
0.5467,0.7888
0.5641,0.7611
0.5826,0.7942
0.6022,0.7725
0.6226,0.7013
0.6434,0.6933
0.6641,0.7168
0.6843,0.6681
0.7036,0.6497
0.7214,0.6316
0.7373,0.5878
0.7509,0.5385
0.7620,0.5281
0.7704,0.5296
0.7761,0.5329
0.7788,0.5430
0.7785,0.5463
0.7753,0.5378
0.7695,0.5265
0.7615,0.5147
0.7514,0.4885
0.7395,0.4184
0.7258,0.4220
0.7107,0.4907
0.6945,0.5497
0.6776,0.5843
0.6604,0.6210
0.6433,0.6340
0.6265,0.5959
0.6104,0.5565
0.5953,0.4571
0.5815,0.1381
0.5691,-0.0155
0.5577,0.0111
0.5466,0.0267
0.5350,0.0073
0.5224,-0.0028
0.5082,-0.0547
0.4922,-0.1097
0.4742,-0.0991
0.4540,-0.0809
0.4315,-0.0657
0.4069,-0.0655
0.3803,-0.0781
0.3521,-0.0864
0.3227,-0.0653
0.2926,-0.0233
0.2622,0.0101
0.2319,0.0180
0.2021,-0.0065
0.1734,-0.0322
0.1459,-0.0166
0.1200,-0.0211
0.0958,-0.0715
0.0737,-0.0542
0.0536,-0.0323
0.0356,-0.0031
0.0195,0.0554
0.0051,0.1101
-0.0078,0.1714
-0.0192,0.2300
-0.0292,0.2710
-0.0376,0.3001
-0.0442,0.3437
-0.0488,0.3896
-0.0514,0.2064
-0.0523,0.0322
-0.0514,-0.1441
-0.0489,-0.1450
-0.0449,-0.1114
-0.0396,-0.0272
-0.0331,0.1311
-0.0255,0.0172
-0.0168,-0.0744
-0.0072,-0.1987
0.0029,-0.2181
0.0132,-0.2633
0.0232,-0.2641
0.0324,-0.2470
0.0404,-0.2178
0.0468,-0.2758
0.0512,-0.3290
0.0532,-0.2355
0.0524,-0.2224
0.0486,-0.1690
0.0418,-0.2382
0.0322,-0.3438
0.0202,-0.2682
0.0059,-0.2596
-0.0104,-0.1756
-0.0281,-0.0938
-0.0469,-0.1876
-0.0661,-0.2048
-0.0852,-0.1474
-0.1038,-0.1494
-0.1215,-0.1696
-0.1376,-0.1355
-0.1521,-0.1480
-0.1647,-0.2479
-0.1755,-0.2405
-0.1846,-0.2108
-0.1922,-0.2866
-0.1984,-0.3411
-0.2032,-0.3306
-0.2068,-0.3174
-0.2092,-0.1807
-0.2104,-0.2005
-0.2106,-0.3088
-0.2101,-0.3026
-0.2092,-0.2779
-0.2083,-0.3965
-0.2076,-0.3807
-0.2073,-0.2327
-0.2075,-0.2873
-0.2082,-0.3450
-0.2095,-0.2720
-0.2113,-0.2820
-0.2138,-0.3858
-0.2171,-0.4117
-0.2212,-0.3622
-0.2264,-0.3203
-0.2326,-0.3760
-0.2396,-0.3640
-0.2472,-0.3385
-0.2549,-0.2827
-0.2626,-0.2158
-0.2701,-0.2234
-0.2777,-0.2721
-0.2852,-0.4038
-0.2926,-0.4519
-0.2998,-0.4363
-0.3063,-0.4416
-0.3120,-0.3985
-0.3169,-0.4073
-0.3211,-0.4314
-0.3249,-0.4149
-0.3285,-0.3947
-0.3320,-0.3234
-0.3355,-0.2635
-0.3391,-0.2777
-0.3428,-0.2893
-0.3467,-0.3043
-0.3506,-0.3553
-0.3546,-0.3966
-0.3587,-0.3879
-0.3627,-0.3959
-0.3666,-0.3979
-0.3701,-0.3568
-0.3732,-0.3959
-0.3760,-0.4030
-0.3784,-0.4130
-0.3806,-0.4496
-0.3826,-0.3818
-0.3844,-0.3712
-0.3860,-0.4324
-0.3875,-0.4777
-0.3889,-0.6043
-0.3902,-0.6093
-0.3913,-0.6174
-0.3926,-0.5706
-0.3941,-0.6652
-0.3963,-0.6846
-0.3993,-0.6620
-0.4032,-0.5651
-0.4080,-0.5740
-0.4137,-0.6501
-0.4202,-0.7053
-0.4276,-0.7054
-0.4360,-0.7131
-0.4455,-0.7225
-0.4562,-0.6607
-0.4680,-0.5818
-0.4807,-0.5232
-0.4943,-0.5796
-0.5084,-0.5455
-0.5230,-0.5454
-0.5377,-0.5250
-0.5524,-0.5926
-0.5668,-0.5796
-0.5806,-0.5770
-0.5933,-0.5003
-0.6046,-0.5183
-0.6142,-0.5515
-0.6218,-0.5884
-0.6273,-0.5478
-0.6309,-0.5681
-0.6325,-0.6705
-0.6322,-0.6947
-0.6303,-0.6680
-0.6270,-0.6427
-0.6224,-0.6487
-0.6167,-0.6196
-0.6103,-0.5403
-0.6033,-0.4575
-0.5961,-0.4819
-0.5888,-0.5555
-0.5816,-0.5811
-0.5746,-0.5378
-0.5679,-0.4916
-0.5615,-0.4760
-0.5556,-0.5183
-0.5502,-0.4843
-0.5453,-0.4074
-0.5409,-0.3403
-0.5370,-0.3026
-0.5337,-0.2750
-0.5308,-0.2141
-0.5285,-0.1121
-0.5266,-0.0671
-0.5252,-0.3627
-0.5242,-0.2664
-0.5235,-0.1269
-0.5232,-0.1345
-0.5231,-0.2029
-0.5230,-0.1964
-0.5226,-0.1015
-0.5212,-0.0319
-0.5181,-0.0234
-0.5129,-0.0390
-0.5051,-0.0580
-0.4944,-0.0772
-0.4808,-0.0868
-0.4644,-0.0815
-0.4451,-0.0830
-0.4232,-0.0981
-0.3987,-0.1143
-0.3721,-0.1290
-0.3437,-0.1518
-0.3141,-0.2136
-0.2837,-0.3176
-0.2530,-0.3551
-0.2225,-0.3362
-0.1926,-0.3116
-0.1632,-0.2362
-0.1348,-0.0959
-0.1075,-0.0232
-0.0818,-0.0366
-0.0581,0.0715
-0.0365,0.0975
-0.0172,0.1027
-0.0001,0.2032
0.0146,0.3555
0.0273,0.3689
0.0382,0.4240
0.0478,0.5177
0.0564,0.4102
0.0644,0.4194
0.0725,0.4746
0.0810,0.3275
0.0904,0.4963
0.1011,0.4805
0.1132,0.4177
0.1267,0.4530
0.1417,0.4632
0.1579,0.4211
0.1755,0.4153
0.1942,0.4207
0.2138,0.3216
0.2339,0.3331
0.2541,0.3146
0.2740,0.3264
0.2935,0.3656
0.3124,0.3782
0.3307,0.4090
0.3482,0.4176
0.3649,0.3689
0.3802,0.3760
0.3941,0.3984
0.4061,0.3461
0.4163,0.2750
0.4244,0.3152
0.4303,0.3036
0.4339,0.2816
0.4353,0.3408
0.4347,0.3924
0.4324,0.3276
0.4287,0.3690
0.4240,0.3229
0.4186,0.2673
0.4130,0.2587
0.4073,0.2196
0.4018,0.2014
0.3966,0.1925
0.3917,0.1198
0.3870,0.2071
0.3822,0.2697
0.3772,0.1873
0.3717,0.1415
0.3660,0.1470
0.3598,0.1462
0.3533,0.1568
0.3465,0.2115
0.3395,0.2700
0.3324,0.2546
0.3252,0.2103
0.3176,0.2171
0.3095,0.1957
0.3009,0.2545
0.2919,0.3187
0.2829,0.3961
0.2741,0.3848
0.2657,0.3917
0.2581,0.4700
0.2513,0.4336
0.2454,0.4549
0.2406,0.4409
0.2368,0.4236
0.2341,0.3839
0.2328,0.2332
0.2330,0.0667
0.2348,0.2785
0.2380,0.0648
0.2424,-0.0708
0.2478,-0.1655
0.2541,-0.2635
0.2609,-0.2430
0.2679,-0.2919
0.2744,-0.2744
0.2795,-0.3023
0.2825,-0.3575
0.2828,-0.3520
0.2796,-0.2972
0.2722,-0.1397
0.2600,0.1063
0.2426,0.2877
0.2201,0.3859
0.1930,0.4605
0.1619,0.5157
0.1279,0.5155
0.0926,0.5655
0.0580,0.5962
0.0258,0.5974
-0.0020,0.7001
-0.0242,0.7820
-0.0397,0.8993
-0.0479,0.9524
-0.0488,0.8900
-0.0428,0.8890
-0.0307,0.8537
-0.0134,0.8126
0.0085,0.7528
0.0346,0.6574
0.0646,0.5840
0.0984,0.4859
0.1356,0.4784
0.1758,0.6360
0.2184,0.6211
0.2628,0.2919
0.3086,0.2835
0.3550,0.2331
0.4014,0.2307
0.4465,0.2683
0.4890,0.2747
0.5277,0.3348
0.5616,0.1537
0.5900,0.1474
0.6127,0.2050
0.6295,0.2757
0.6406,0.2364
0.6463,0.1206
0.6469,0.1907
0.6430,0.3135
0.6350,0.4156
0.6234,0.3297
0.6084,0.3707
0.5906,0.4337
0.5705,0.4247
0.5488,0.4016
0.5261,0.5150
0.5029,0.5035
0.4797,0.6042
0.4570,0.5921
0.4354,0.5245
0.4155,0.4803
0.3979,0.5988
0.3832,0.5525
0.3715,0.5194
0.3632,0.4971
0.3582,0.4732
0.3564,0.5496
0.3577,0.5215
0.3616,0.3821
0.3679,0.4637
0.3762,0.4816
0.3861,0.2991
0.3970,0.2182
0.4085,0.2733
0.4205,0.3777
0.4324,0.3721
0.4439,0.2626
0.4547,0.2185
0.4643,0.2864
0.4726,0.1651
0.4791,0.1732
0.4836,0.2094
0.4858,0.2374
0.4855,0.1536
0.4828,0.0899
0.4779,0.1158
0.4710,-0.0369
0.4623,-0.0017
0.4517,0.1678
0.4394,0.0833
0.4254,-0.0182
0.4099,0.0395
0.3932,0.0446
0.3754,-0.1051
0.3567,-0.1841
0.3374,-0.0488
0.3178,-0.0040
0.2979,-0.1188
0.2778,-0.0949
0.2574,-0.0415
0.2369,-0.1651
0.2162,-0.2197
0.1954,-0.1234
0.1744,-0.0147
0.1532,-0.0449
0.1316,0.0420
0.1098,0.0047
0.0880,-0.1889
0.0664,-0.1306
0.0455,-0.1117
0.0258,-0.1868
0.0077,-0.1038
-0.0085,-0.1410
-0.0228,-0.2715
-0.0352,-0.3402
-0.0462,-0.2977
-0.0562,-0.3356
-0.0656,-0.2305
-0.0748,-0.3209
-0.0838,-0.3633
-0.0929,-0.4496
-0.1021,-0.3889
-0.1117,-0.3508
-0.1218,-0.5451
-0.1326,-0.4481
-0.1442,-0.4244
-0.1565,-0.4316
-0.1693,-0.5286
-0.1827,-0.5320
-0.1967,-0.5295
-0.2115,-0.4908
-0.2271,-0.4915
-0.2435,-0.5136
-0.2609,-0.5029
-0.2791,-0.3919
-0.2979,-0.2228
-0.3168,-0.1883
-0.3354,-0.2240
-0.3530,-0.1911
-0.3694,-0.0556
-0.3839,0.0541
-0.3962,0.0330
-0.4058,-0.0421
-0.4124,-0.0724
-0.4159,-0.0597
-0.4158,-0.1071
-0.4120,-0.2514
-0.4046,-0.3759
-0.3936,-0.3392
-0.3794,-0.2054
-0.3624,-0.2169
-0.3433,-0.3876
-0.3232,-0.4304
-0.3027,-0.3303
-0.2828,-0.3936
-0.2641,-0.4370
-0.2470,-0.4605
-0.2319,-0.4229
-0.2195,-0.2976
-0.2099,-0.3121
-0.2036,-0.3400
-0.2004,-0.2248
-0.2004,-0.1914
-0.2034,-0.2477
-0.2090,-0.1660
-0.2168,-0.1000
-0.2264,-0.2300
-0.2370,-0.2851
-0.2482,-0.2042
-0.2593,-0.1120
-0.2699,-0.1454
-0.2798,-0.2588
-0.2886,-0.3240
-0.2963,-0.2311
-0.3027,-0.0887
-0.3076,-0.0384
-0.3108,-0.0612
-0.3120,-0.0510
-0.3112,-0.0012
-0.3083,0.0003
-0.3034,-0.0343
-0.2965,-0.0398
-0.2876,-0.0592
-0.2767,-0.1214
-0.2638,-0.1031
-0.2491,-0.1114
-0.2329,-0.1919
-0.2157,-0.2212
-0.1979,-0.1946
-0.1802,-0.3421
-0.1632,-0.2422
-0.1473,-0.3023
-0.1327,-0.3380
-0.1199,-0.3447
-0.1093,-0.3986
-0.1013,-0.3941
-0.0963,-0.4114
-0.0943,-0.4392
-0.0954,-0.4707
-0.0996,-0.4242
-0.1069,-0.4296
-0.1174,-0.4459
-0.1309,-0.3913
-0.1468,-0.4478
-0.1648,-0.4168
-0.1844,-0.4684
-0.2054,-0.3263
-0.2274,-0.3381
-0.2501,-0.3295
-0.2733,-0.1798
-0.2968,-0.2256
